10291,92.0,94.0,0.0,0.0,67.0,0.0,29.0,0.0,0.0,0.0,0.0,0.0,0.0,0.0,0.0,0.0,0.0,0.0,0.0,0.0,0.0,0.0,0.0,0.0,0.0,0.0,0.0,0.0,0.0,0.0,0.0,0.0,0.0,0.0,0
10291,86.0,99.0,0.0,0.0,62.0,0.0,25.0,0.0,-1.0,20.0,0.0,7.36,41.0,0.0,0.0,33.0,0.0,8.2,109.0,1.4,0.0,210.0,2.4,1.8,3.5,4.8,0.0,0.0,30.4,10.1,27.6,20.5,308.0,309.0,0
10291,85.0,100.0,35.56,99.0,67.0,55.0,26.0,0.0,-1.0,20.0,0.0,7.36,0.0,0.0,0.0,33.0,0.0,0.0,109.0,0.0,0.0,0.0,2.4,1.8,0.0,4.8,0.0,0.0,30.4,10.1,0.0,20.5,308.0,0.0,0
10291,89.0,100.0,0.0,100.0,63.0,51.0,32.0,0.0,0.0,0.0,0.0,0.0,0.0,0.0,0.0,0.0,0.0,0.0,0.0,0.0,0.0,0.0,0.0,0.0,0.0,0.0,0.0,0.0,0.0,0.0,0.0,0.0,0.0,0.0,0
10291,87.0,99.0,0.0,103.0,71.0,58.0,25.0,0.0,0.0,0.0,0.0,0.0,0.0,0.0,0.0,0.0,0.0,0.0,0.0,0.0,0.0,0.0,0.0,0.0,0.0,0.0,0.0,0.0,0.0,0.0,0.0,0.0,0.0,0.0,0
10291,87.0,99.0,35.33,98.0,70.0,58.0,26.0,0.0,0.0,0.0,0.0,0.0,0.0,0.0,0.0,0.0,0.0,0.0,0.0,0.0,0.0,0.0,0.0,0.0,0.0,0.0,0.0,0.0,0.0,0.0,0.0,0.0,0.0,0.0,0
10291,84.0,100.0,0.0,100.0,73.0,60.0,21.0,0.0,0.0,22.0,0.0,0.0,0.0,0.0,0.0,35.0,0.0,8.2,106.0,1.5,0.0,226.0,0.0,2.5,4.5,4.7,0.0,0.0,30.2,9.9,25.7,17.3,0.0,275.0,0
10291,88.0,99.0,0.0,106.0,78.0,64.0,23.0,0.0,0.0,22.0,0.0,0.0,0.0,0.0,0.0,35.0,0.0,0.0,106.0,0.0,0.0,0.0,0.0,2.5,0.0,4.7,0.0,0.0,30.2,9.9,0.0,17.3,0.0,0.0,0
10291,88.0,99.0,0.0,107.0,81.0,67.0,22.0,0.0,0.0,0.0,0.0,0.0,0.0,0.0,0.0,0.0,0.0,0.0,0.0,0.0,0.0,0.0,0.0,0.0,0.0,0.0,0.0,0.0,0.0,0.0,0.0,0.0,0.0,0.0,0
10291,91.0,99.0,35.28,109.0,83.0,69.0,24.0,0.0,0.0,22.0,0.0,0.0,0.0,0.0,1127.0,38.0,70.0,8.3,108.0,1.6,0.0,175.0,3.2,2.4,5.1,4.8,0.3,0.0,30.1,0.0,0.0,0.0,0.0,0.0,0
10291,93.0,99.0,0.0,108.0,83.0,70.0,26.0,0.0,0.0,22.0,0.0,0.0,0.0,0.0,1127.0,38.0,70.0,0.0,108.0,0.0,0.0,0.0,3.2,2.4,0.0,4.8,0.0,0.0,30.1,0.0,0.0,0.0,0.0,0.0,0
10291,91.0,98.0,0.0,109.0,81.0,67.0,23.0,0.0,0.0,0.0,0.0,0.0,0.0,0.0,0.0,0.0,0.0,0.0,0.0,0.0,0.0,0.0,0.0,0.0,0.0,0.0,0.0,0.0,0.0,0.0,0.0,0.0,0.0,0.0,0
10291,83.0,98.0,0.0,114.0,84.0,68.0,19.0,0.0,0.0,0.0,0.0,0.0,0.0,0.0,0.0,0.0,0.0,0.0,0.0,0.0,0.0,0.0,0.0,0.0,0.0,0.0,0.0,0.0,27.1,0.0,0.0,0.0,0.0,0.0,0
10291,86.0,98.0,35.83,128.0,90.0,73.0,22.0,0.0,0.0,0.0,0.0,0.0,0.0,0.0,0.0,0.0,0.0,0.0,0.0,0.0,0.0,0.0,0.0,0.0,0.0,0.0,0.0,0.0,27.1,0.0,0.0,0.0,0.0,0.0,0
10291,85.0,99.0,0.0,122.0,86.0,71.0,23.0,0.0,0.0,0.0,0.0,0.0,0.0,0.0,0.0,0.0,0.0,0.0,0.0,0.0,0.0,0.0,0.0,0.0,0.0,0.0,0.0,0.0,0.0,0.0,0.0,0.0,0.0,0.0,0
10291,84.0,99.0,0.0,122.0,84.0,67.0,21.0,0.0,0.0,0.0,0.0,0.0,0.0,0.0,0.0,0.0,0.0,0.0,0.0,0.0,0.0,0.0,0.0,0.0,0.0,0.0,0.0,0.0,0.0,0.0,0.0,0.0,0.0,0.0,0
10291,87.0,98.0,0.0,113.0,80.0,65.0,8.0,0.0,0.0,0.0,0.0,0.0,0.0,0.0,0.0,0.0,0.0,0.0,0.0,0.0,0.0,0.0,0.0,0.0,0.0,0.0,0.0,0.0,0.0,0.0,0.0,0.0,0.0,0.0,0
10291,0.0,0.0,0.0,0.0,0.0,0.0,0.0,0.0,0.0,0.0,0.0,7.42,38.0,0.0,0.0,0.0,0.0,0.0,0.0,0.0,0.0,137.0,2.7,0.0,0.0,0.0,0.0,0.0,27.0,9.0,0.0,0.0,0.0,0.0,0
10291,0.0,0.0,0.0,0.0,0.0,0.0,0.0,0.0,-0.5,0.0,0.0,7.4,38.0,0.0,0.0,0.0,0.0,0.0,0.0,0.0,0.0,145.0,3.05,0.0,0.0,0.0,0.0,0.0,27.0,8.9,0.0,0.0,0.0,0.0,0
10291,0.0,0.0,0.0,0.0,0.0,0.0,0.0,0.0,-1.0,0.0,0.0,7.38,38.0,0.0,0.0,0.0,0.0,0.0,0.0,0.0,0.0,137.0,3.9,0.0,0.0,0.0,0.0,0.0,26.0,8.6,0.0,0.0,0.0,0.0,0
10291,0.0,0.0,0.0,0.0,0.0,0.0,0.0,0.0,-1.0,0.0,0.0,7.38,0.0,0.0,0.0,0.0,0.0,0.0,0.0,0.0,0.0,0.0,4.4,0.0,0.0,0.0,0.0,0.0,0.0,0.0,0.0,0.0,0.0,0.0,0
10291,0.0,0.0,0.0,0.0,0.0,0.0,0.0,0.0,0.0,0.0,0.0,0.0,0.0,0.0,0.0,0.0,0.0,0.0,0.0,0.0,0.0,0.0,0.0,0.0,0.0,0.0,0.0,0.0,0.0,0.0,0.0,0.0,0.0,0.0,0
10291,113.0,100.0,35.22,179.0,99.0,73.0,10.0,0.0,0.0,0.0,0.0,0.0,0.0,0.0,0.0,0.0,0.0,0.0,0.0,0.0,0.0,0.0,0.0,0.0,0.0,0.0,0.0,0.0,0.0,0.0,0.0,0.0,0.0,0.0,0
10291,114.0,100.0,0.0,210.0,115.0,86.0,18.0,0.0,0.0,25.0,0.0,0.0,0.0,0.0,0.0,36.0,0.0,0.0,111.0,1.3,0.0,131.0,0.0,2.1,4.4,4.7,0.0,0.0,27.7,0.0,0.0,0.0,0.0,0.0,0
10291,85.5,99.5,37.11,137.5,89.0,68.5,15.0,0.0,0.0,25.0,0.0,7.35,46.0,0.0,0.0,36.0,0.0,0.0,111.0,0.0,0.0,0.0,2.5,2.1,0.0,4.7,0.0,0.0,27.7,0.0,0.0,0.0,0.0,0.0,0
10291,85.0,100.0,36.67,149.0,95.0,74.0,12.0,0.0,0.0,0.0,0.0,7.35,0.0,0.0,0.0,0.0,0.0,0.0,0.0,0.0,0.0,0.0,2.5,0.0,0.0,0.0,0.0,0.0,0.0,0.0,0.0,0.0,0.0,0.0,0
10291,123.0,100.0,0.0,134.0,87.0,74.0,18.0,0.0,0.0,0.0,0.0,0.0,0.0,0.0,0.0,0.0,0.0,0.0,0.0,0.0,0.0,0.0,0.0,0.0,0.0,0.0,0.0,0.0,0.0,0.0,0.0,0.0,0.0,0.0,0
10291,79.5,99.5,36.89,114.5,76.5,60.0,14.5,0.0,0.0,0.0,0.0,0.0,0.0,0.0,0.0,0.0,0.0,0.0,0.0,0.0,0.0,0.0,0.0,0.0,0.0,0.0,0.0,0.0,0.0,0.0,0.0,0.0,0.0,0.0,0
10291,83.0,99.0,0.0,113.0,77.0,61.0,13.0,0.0,0.0,0.0,0.0,0.0,0.0,0.0,0.0,0.0,0.0,0.0,0.0,0.0,0.0,0.0,0.0,0.0,0.0,0.0,0.0,0.0,0.0,0.0,0.0,0.0,0.0,0.0,0
10291,81.0,99.0,37.17,124.0,80.0,62.0,15.0,0.0,0.0,0.0,0.0,0.0,0.0,0.0,0.0,0.0,0.0,0.0,0.0,0.0,0.0,0.0,0.0,0.0,0.0,0.0,0.0,0.0,0.0,0.0,0.0,0.0,0.0,0.0,0
10291,92.0,92.0,0.0,142.0,84.0,65.0,19.0,0.0,0.0,24.0,0.0,0.0,0.0,0.0,588.0,42.0,56.0,7.6,109.0,1.6,0.0,139.0,0.0,2.0,4.1,5.0,0.4,0.0,24.7,8.4,0.0,12.4,0.0,182.0,0
10291,84.0,99.0,0.0,117.0,84.0,66.0,12.0,0.0,0.0,24.0,0.0,0.0,0.0,0.0,588.0,42.0,56.0,0.0,109.0,0.0,0.0,0.0,0.0,2.0,0.0,5.0,0.0,0.0,24.7,8.4,0.0,12.4,0.0,0.0,0
10291,79.0,99.0,0.0,107.0,80.0,63.0,15.0,0.0,0.0,0.0,0.0,0.0,0.0,0.0,0.0,0.0,0.0,0.0,0.0,0.0,0.0,0.0,0.0,0.0,0.0,0.0,0.0,0.0,0.0,0.0,0.0,0.0,0.0,0.0,0
10291,79.0,99.0,37.11,118.0,84.0,66.0,14.0,0.0,0.0,0.0,0.0,0.0,0.0,0.0,0.0,0.0,0.0,0.0,0.0,0.0,0.0,0.0,0.0,0.0,0.0,0.0,0.0,0.0,0.0,0.0,0.0,0.0,0.0,0.0,0
10291,80.0,98.0,0.0,129.0,83.0,63.0,15.0,0.0,0.0,0.0,0.0,0.0,0.0,0.0,0.0,0.0,0.0,0.0,0.0,0.0,0.0,0.0,0.0,0.0,0.0,0.0,0.0,0.0,0.0,0.0,0.0,0.0,0.0,0.0,0
10291,84.0,98.0,0.0,131.0,87.0,66.0,14.0,0.0,0.0,0.0,0.0,0.0,0.0,0.0,0.0,0.0,0.0,0.0,0.0,0.0,0.0,0.0,0.0,0.0,0.0,0.0,0.0,0.0,24.1,0.0,0.0,0.0,0.0,0.0,0
10291,81.0,99.0,0.0,124.0,85.0,64.0,15.0,0.0,0.0,0.0,0.0,0.0,0.0,0.0,0.0,0.0,0.0,0.0,0.0,0.0,0.0,0.0,0.0,0.0,0.0,0.0,0.0,0.0,24.1,0.0,0.0,0.0,0.0,0.0,0
10291,75.0,98.0,36.28,121.0,84.0,64.0,13.0,0.0,0.0,0.0,0.0,0.0,0.0,0.0,0.0,0.0,0.0,0.0,0.0,0.0,0.0,0.0,0.0,0.0,0.0,0.0,0.0,0.0,0.0,0.0,0.0,0.0,0.0,0.0,0
10291,0.0,0.0,0.0,0.0,0.0,0.0,0.0,0.0,0.0,0.0,0.0,0.0,0.0,0.0,0.0,0.0,0.0,0.0,0.0,0.0,0.0,0.0,0.0,0.0,0.0,0.0,0.0,0.0,0.0,0.0,0.0,0.0,0.0,0.0,0
10291,82.0,97.0,0.0,93.0,83.0,75.0,15.0,0.0,0.0,0.0,0.0,0.0,0.0,0.0,0.0,0.0,0.0,0.0,0.0,0.0,0.0,0.0,0.0,0.0,0.0,0.0,0.0,0.0,0.0,0.0,0.0,0.0,0.0,0.0,0
10291,87.0,95.0,0.0,117.0,86.0,67.0,19.0,0.0,0.0,0.0,0.0,0.0,0.0,0.0,0.0,0.0,0.0,0.0,0.0,0.0,0.0,0.0,0.0,0.0,0.0,0.0,0.0,0.0,0.0,0.0,0.0,0.0,0.0,0.0,0
10291,79.0,98.0,36.39,154.0,101.0,75.0,20.0,0.0,0.0,0.0,0.0,0.0,0.0,0.0,0.0,0.0,0.0,0.0,0.0,0.0,0.0,0.0,0.0,0.0,0.0,0.0,0.0,0.0,0.0,0.0,0.0,0.0,0.0,0.0,0
