10326,0.0,0.0,0.0,0.0,0.0,0.0,0.0,0.0,0.0,0.0,0.0,0.0,0.0,0.0,0.0,0.0,0.0,0.0,0.0,0.0,0.0,0.0,0.0,0.0,0.0,0.0,0.0,0.0,0.0,0.0,0.0,0.0,0.0,0.0,0
10326,85.0,88.0,0.0,111.0,80.0,60.0,16.0,0.0,-1.0,0.0,0.4,7.25,0.0,0.0,0.0,0.0,0.0,0.0,0.0,0.0,0.0,0.0,0.0,0.0,0.0,0.0,0.0,0.0,0.0,0.0,0.0,0.0,0.0,0.0,0
10326,83.0,100.0,0.0,94.0,69.5,52.5,14.0,0.0,0.0,0.0,0.0,0.0,0.0,0.0,0.0,0.0,0.0,0.0,0.0,0.0,0.0,0.0,0.0,0.0,0.0,0.0,0.0,0.0,0.0,0.0,0.0,0.0,0.0,0.0,0
10326,81.0,98.0,36.39,109.0,78.0,57.0,15.0,0.0,0.0,0.0,0.0,0.0,0.0,0.0,0.0,0.0,0.0,0.0,0.0,0.0,0.0,0.0,0.0,0.0,0.0,0.0,0.0,0.0,0.0,0.0,0.0,0.0,0.0,0.0,0
10326,80.0,100.0,0.0,90.0,63.0,45.0,10.0,0.0,-1.0,22.0,0.0,7.24,65.0,0.0,0.0,20.0,0.0,8.2,105.0,1.3,0.0,105.0,1.2,1.9,4.8,4.6,0.0,0.0,30.4,9.1,32.8,12.0,0.0,286.0,0
10326,82.0,99.0,0.0,101.0,70.0,50.0,10.0,0.0,-1.0,22.0,0.0,7.24,0.0,0.0,0.0,20.0,0.0,0.0,105.0,0.0,0.0,0.0,1.2,1.9,0.0,4.6,0.0,0.0,30.4,9.1,0.0,12.0,0.0,0.0,0
10326,80.0,98.0,0.0,99.5,70.0,50.5,10.0,0.0,0.0,0.0,0.0,0.0,0.0,0.0,0.0,0.0,0.0,0.0,0.0,0.0,0.0,0.0,0.0,0.0,0.0,0.0,0.0,0.0,0.0,0.0,0.0,0.0,0.0,0.0,0
10326,81.5,97.0,36.72,98.0,68.5,49.5,22.0,0.0,0.0,0.0,0.0,0.0,0.0,0.0,0.0,0.0,0.0,0.0,0.0,0.0,0.0,0.0,0.0,0.0,0.0,0.0,0.0,0.0,0.0,0.0,0.0,0.0,0.0,0.0,0
10326,85.0,96.0,0.0,95.0,70.0,53.0,22.0,0.0,0.0,0.0,0.0,0.0,0.0,0.0,0.0,0.0,0.0,0.0,0.0,0.0,0.0,0.0,0.0,0.0,0.0,0.0,0.0,0.0,0.0,0.0,0.0,0.0,0.0,0.0,0
10326,89.0,96.0,0.0,98.0,70.0,53.0,13.0,0.0,-1.0,0.0,0.0,7.28,55.0,0.0,0.0,0.0,0.0,0.0,0.0,0.0,0.0,0.0,0.0,0.0,0.0,0.0,0.0,0.0,0.0,0.0,0.0,0.0,0.0,0.0,0
10326,80.0,91.5,0.0,89.0,62.5,46.0,17.0,0.0,-1.0,0.0,0.0,7.28,0.0,0.0,0.0,0.0,0.0,0.0,0.0,0.0,0.0,0.0,0.0,0.0,0.0,0.0,0.0,0.0,0.0,0.0,0.0,0.0,0.0,0.0,0
10326,79.0,93.0,36.78,101.0,71.0,51.0,11.0,0.0,0.0,0.0,0.0,0.0,0.0,0.0,0.0,0.0,0.0,0.0,0.0,0.0,0.0,0.0,0.0,0.0,0.0,0.0,0.0,0.0,0.0,0.0,0.0,0.0,0.0,0.0,0
10326,91.0,95.0,0.0,105.0,73.0,54.0,23.0,0.0,0.0,0.0,0.0,0.0,0.0,0.0,0.0,0.0,0.0,0.0,0.0,0.0,0.0,0.0,0.0,0.0,0.0,0.0,0.0,0.0,0.0,0.0,0.0,0.0,0.0,0.0,0
10326,91.5,96.0,0.0,105.5,74.5,54.5,13.0,0.0,0.0,0.0,0.0,0.0,0.0,0.0,0.0,0.0,0.0,0.0,0.0,0.0,0.0,0.0,0.0,0.0,0.0,0.0,0.0,0.0,0.0,0.0,0.0,0.0,0.0,0.0,0
10326,93.0,95.0,0.0,120.0,84.0,61.0,11.0,0.0,0.0,0.0,0.0,0.0,0.0,0.0,0.0,0.0,0.0,0.0,0.0,0.0,0.0,0.0,0.0,0.0,0.0,0.0,0.0,0.0,0.0,0.0,0.0,0.0,0.0,0.0,0
10326,79.0,94.0,36.61,106.0,76.0,56.0,12.0,0.0,0.0,0.0,0.0,0.0,0.0,0.0,0.0,0.0,0.0,0.0,0.0,0.0,0.0,0.0,0.0,0.0,0.0,0.0,0.0,0.0,0.0,0.0,0.0,0.0,0.0,0.0,0
10326,91.0,95.0,0.0,93.0,74.0,60.5,13.0,0.0,0.0,25.0,0.0,0.0,0.0,0.0,0.0,22.0,0.0,8.3,101.0,1.4,0.0,97.0,0.0,2.6,5.3,4.7,0.0,0.0,28.6,0.0,0.0,0.0,0.0,0.0,0
10326,94.0,95.0,0.0,118.0,78.0,66.0,13.0,0.0,0.0,25.0,0.0,0.0,0.0,0.0,0.0,22.0,0.0,0.0,101.0,0.0,0.0,0.0,0.0,2.6,0.0,4.7,0.0,0.0,28.6,0.0,0.0,0.0,0.0,0.0,0
10326,79.0,95.0,0.0,89.0,63.0,47.0,22.0,0.0,0.0,0.0,0.0,0.0,0.0,0.0,0.0,0.0,0.0,0.0,0.0,0.0,0.0,0.0,0.0,0.0,0.0,0.0,0.0,0.0,0.0,0.0,0.0,0.0,0.0,0.0,0
10326,98.0,97.0,36.56,97.0,79.0,66.0,19.0,0.0,0.0,0.0,0.6,0.0,0.0,0.0,0.0,0.0,0.0,0.0,0.0,0.0,0.0,0.0,0.0,0.0,0.0,0.0,0.0,0.0,0.0,0.0,0.0,0.0,0.0,0.0,0
10326,98.0,88.0,0.0,91.0,82.0,71.0,26.0,0.0,0.0,0.0,0.0,0.0,0.0,0.0,0.0,0.0,0.0,0.0,0.0,0.0,0.0,0.0,0.0,0.0,0.0,0.0,0.0,0.0,0.0,0.0,0.0,0.0,0.0,0.0,0
10326,96.0,71.0,0.0,100.0,63.0,53.0,13.0,0.0,0.0,0.0,0.0,0.0,0.0,0.0,0.0,0.0,0.0,0.0,0.0,0.0,0.0,0.0,0.0,0.0,0.0,0.0,0.0,0.0,0.0,0.0,0.0,0.0,0.0,0.0,0
10326,0.0,0.0,0.0,99.0,71.0,54.0,0.0,0.0,0.0,0.0,0.0,0.0,0.0,0.0,0.0,0.0,0.0,0.0,0.0,0.0,0.0,0.0,0.0,0.0,0.0,0.0,0.0,0.0,0.0,0.0,0.0,0.0,0.0,0.0,0
10326,95.0,98.0,36.89,126.0,91.0,69.0,26.0,0.0,-2.0,0.0,0.6,7.23,64.0,0.0,0.0,0.0,0.0,0.0,0.0,0.0,0.0,0.0,1.1,0.0,0.0,0.0,0.0,0.0,0.0,0.0,0.0,0.0,0.0,0.0,0
10326,83.0,95.0,0.0,90.0,76.0,65.0,11.0,0.0,-2.0,0.0,0.0,7.23,0.0,0.0,0.0,0.0,0.0,0.0,0.0,0.0,0.0,0.0,1.1,0.0,0.0,0.0,0.0,0.0,0.0,0.0,0.0,0.0,0.0,0.0,0
10326,78.0,92.0,0.0,92.0,66.0,49.0,11.0,0.0,0.0,0.0,0.0,0.0,0.0,0.0,0.0,0.0,0.0,0.0,0.0,0.0,0.0,0.0,0.0,0.0,0.0,0.0,0.0,0.0,0.0,0.0,0.0,0.0,0.0,0.0,0
10326,79.0,89.0,0.0,88.0,72.0,58.0,11.0,0.0,0.0,0.0,0.0,0.0,0.0,0.0,0.0,0.0,0.0,0.0,0.0,0.0,0.0,0.0,0.0,0.0,0.0,0.0,0.0,0.0,0.0,0.0,0.0,0.0,0.0,0.0,0
10326,79.0,95.0,36.83,98.0,77.0,60.0,11.0,0.0,0.0,0.0,0.0,7.25,63.0,0.0,0.0,0.0,0.0,0.0,0.0,0.0,0.0,0.0,0.0,0.0,0.0,0.0,0.0,0.0,0.0,0.0,0.0,0.0,0.0,0.0,0
10326,80.0,97.0,0.0,88.0,77.0,67.0,12.0,0.0,0.0,0.0,0.0,7.25,0.0,0.0,0.0,0.0,0.0,0.0,0.0,0.0,0.0,0.0,0.0,0.0,0.0,0.0,0.0,0.0,0.0,0.0,0.0,0.0,0.0,0.0,0
10326,80.0,100.0,0.0,106.0,99.0,89.0,11.0,0.0,0.0,23.0,0.0,7.28,61.0,0.0,0.0,24.0,0.0,8.2,103.0,1.6,0.0,94.0,0.0,2.5,4.9,4.5,0.0,0.0,24.9,7.4,36.7,6.3,0.0,220.0,0
10326,82.0,95.0,0.0,93.0,87.0,79.0,30.0,0.0,0.0,23.0,0.6,7.28,0.0,0.0,0.0,24.0,0.0,0.0,103.0,0.0,0.0,0.0,0.0,2.5,0.0,4.5,0.0,0.0,24.9,7.4,0.0,6.3,0.0,0.0,0
10326,82.0,96.0,36.72,90.0,77.0,66.0,16.0,0.0,0.0,0.0,0.6,0.0,0.0,0.0,0.0,0.0,0.0,0.0,0.0,0.0,0.0,0.0,0.0,0.0,0.0,0.0,0.0,0.0,0.0,0.0,0.0,0.0,0.0,0.0,0
10326,81.0,97.0,0.0,92.0,62.0,63.0,15.0,0.0,0.0,0.0,0.0,0.0,0.0,0.0,0.0,0.0,0.0,0.0,0.0,0.0,0.0,0.0,0.0,0.0,0.0,0.0,0.0,0.0,0.0,0.0,0.0,0.0,0.0,0.0,0
10326,84.0,99.0,0.0,114.0,96.0,84.0,20.0,0.0,-1.0,0.0,0.0,7.2,71.0,0.0,0.0,0.0,0.0,0.0,0.0,0.0,0.0,100.0,0.0,0.0,0.0,0.0,0.0,0.0,0.0,0.0,0.0,0.0,0.0,0.0,0
10326,80.0,97.0,0.0,106.0,90.0,78.0,20.0,0.0,-1.0,0.0,0.0,7.2,0.0,0.0,0.0,0.0,0.0,0.0,0.0,0.0,0.0,0.0,0.0,0.0,0.0,0.0,0.0,0.0,0.0,0.0,0.0,0.0,0.0,0.0,0
10326,81.0,99.0,36.56,95.0,61.0,62.0,24.0,0.0,-1.0,0.0,0.97,7.25,61.0,0.0,0.0,0.0,0.0,0.0,0.0,0.0,0.0,0.0,0.0,0.0,0.0,0.0,0.0,0.0,0.0,0.0,0.0,0.0,0.0,0.0,0
