10327,65.0,100.0,35.9,116.0,75.5,52.5,15.0,0.0,-2.0,22.0,0.75,7.36,0.0,0.0,0.0,19.0,0.0,0.0,115.0,0.0,0.0,0.0,0.0,0.0,0.0,0.0,0.0,0.0,29.4,9.7,0.0,13.8,0.0,0.0,0
10327,68.5,100.0,35.7,115.0,77.0,54.5,14.5,0.0,-3.0,0.0,0.0,7.38,35.0,68.0,0.0,0.0,0.0,0.0,0.0,0.0,0.0,96.0,0.0,0.0,0.0,0.0,0.0,0.0,0.0,0.0,0.0,0.0,0.0,0.0,0
10327,71.0,100.0,35.7,132.0,92.0,63.0,14.0,0.0,0.0,0.0,0.0,0.0,0.0,0.0,0.0,0.0,0.0,0.0,0.0,0.0,0.0,0.0,0.0,0.0,0.0,0.0,0.0,0.0,0.0,0.0,0.0,0.0,0.0,0.0,0
10327,68.5,100.0,35.7,130.5,90.5,62.0,14.0,0.0,0.0,0.0,0.0,0.0,0.0,0.0,0.0,0.0,0.0,0.0,0.0,0.0,0.0,0.0,0.0,0.0,0.0,0.0,0.0,0.0,0.0,0.0,0.0,0.0,0.0,0.0,0
10327,68.0,100.0,35.9,117.0,81.0,57.0,15.0,0.0,0.0,0.0,0.5,0.0,0.0,64.0,0.0,0.0,0.0,0.0,0.0,0.0,0.0,0.0,0.0,0.0,0.0,4.2,0.0,0.0,25.8,0.0,0.0,0.0,0.0,172.0,0
10327,72.0,100.0,35.8,114.0,76.0,55.0,14.0,0.0,0.0,0.0,0.0,0.0,0.0,0.0,0.0,0.0,0.0,0.0,0.0,0.0,0.0,0.0,0.0,0.0,0.0,4.2,0.0,0.0,25.8,0.0,0.0,0.0,0.0,0.0,0
10327,77.0,100.0,36.0,116.0,81.0,62.0,14.0,0.0,0.0,0.0,0.0,0.0,0.0,0.0,0.0,0.0,0.0,0.0,0.0,0.0,0.0,0.0,0.0,0.0,0.0,0.0,0.0,0.0,0.0,0.0,0.0,0.0,0.0,0.0,0
10327,77.0,100.0,36.0,102.0,71.0,55.0,14.0,0.0,-5.0,0.0,0.0,7.43,24.0,76.5,0.0,0.0,0.0,0.0,0.0,0.0,0.0,0.0,1.0,0.0,0.0,0.0,0.0,0.0,0.0,0.0,0.0,0.0,0.0,0.0,0
10327,77.0,100.0,36.2,112.0,79.0,61.0,13.0,0.0,-4.5,21.0,0.45,7.41,31.0,97.0,0.0,16.0,0.0,0.0,111.0,0.8,0.0,141.0,1.0,0.0,0.0,4.3,0.0,0.0,28.6,9.6,0.0,7.8,0.0,178.0,0
10327,62.0,100.0,36.5,106.0,67.0,50.0,12.0,0.0,-4.0,21.0,0.0,7.39,0.0,97.0,0.0,16.0,0.0,0.0,111.0,0.0,0.0,0.0,0.0,0.0,0.0,4.3,0.0,0.0,28.6,9.6,0.0,7.8,0.0,0.0,0
10327,69.0,100.0,36.8,107.0,71.0,54.0,12.0,0.0,0.0,0.0,0.0,0.0,0.0,47.0,0.0,0.0,0.0,0.0,0.0,0.0,0.0,0.0,0.0,0.0,0.0,0.0,0.0,0.0,0.0,0.0,0.0,0.0,0.0,0.0,0
10327,67.0,97.0,37.0,98.0,64.0,47.0,15.0,0.0,-4.0,0.0,0.4,7.41,28.0,96.0,0.0,0.0,0.0,0.0,0.0,0.0,0.0,0.0,0.0,0.0,0.0,0.0,0.0,0.0,0.0,9.6,0.0,0.0,0.0,0.0,0
10327,82.0,95.0,37.4,128.0,80.0,62.0,25.0,0.0,-4.0,0.0,0.5,7.41,0.0,95.0,0.0,0.0,0.0,0.0,0.0,0.0,0.0,0.0,0.0,0.0,0.0,0.0,0.0,0.0,0.0,0.0,0.0,0.0,0.0,0.0,0
10327,85.0,96.0,37.4,120.0,71.0,52.0,21.0,0.0,-3.0,0.0,0.5,7.38,34.0,75.0,0.0,0.0,0.0,0.0,0.0,0.0,0.0,0.0,0.0,1.9,0.0,3.9,0.0,0.0,23.3,7.9,0.0,0.0,0.0,0.0,0
10327,70.0,100.0,37.1,89.0,56.0,43.0,13.0,0.0,-3.0,0.0,0.0,7.38,0.0,97.0,0.0,0.0,0.0,0.0,0.0,0.0,0.0,0.0,0.0,1.9,0.0,3.9,0.0,0.0,23.3,7.9,0.0,0.0,0.0,0.0,0
10327,66.0,100.0,37.1,111.0,69.0,51.0,13.0,0.0,0.0,0.0,0.0,0.0,0.0,0.0,0.0,0.0,0.0,0.0,0.0,0.0,0.0,0.0,0.0,0.0,0.0,0.0,0.0,0.0,0.0,0.0,0.0,0.0,0.0,0.0,0
10327,77.0,100.0,37.15,123.0,78.0,58.5,13.0,0.0,0.0,0.0,0.5,0.0,0.0,0.0,0.0,0.0,0.0,0.0,0.0,0.0,0.0,0.0,0.0,0.0,0.0,0.0,0.0,0.0,30.2,10.0,0.0,0.0,0.0,0.0,0
10327,77.0,100.0,37.1,110.0,72.0,55.0,13.0,0.0,0.0,0.0,0.0,7.35,0.0,66.0,0.0,0.0,0.0,0.0,0.0,0.0,0.0,134.0,0.0,0.0,0.0,0.0,0.0,0.0,30.2,10.0,0.0,0.0,0.0,0.0,0
10327,85.0,99.0,37.1,116.5,77.5,59.0,14.0,0.0,-2.0,0.0,0.0,7.4,33.0,79.0,0.0,0.0,0.0,0.0,0.0,0.0,0.0,0.0,1.9,0.0,0.0,0.0,0.0,0.0,0.0,0.0,0.0,0.0,0.0,0.0,0
10327,85.0,94.0,37.35,161.5,108.0,80.0,24.0,0.0,-2.5,0.0,0.5,7.41,29.0,93.5,0.0,0.0,0.0,0.0,0.0,0.0,0.0,0.0,1.9,0.0,0.0,0.0,0.0,0.0,0.0,0.0,0.0,0.0,0.0,0.0,0
10327,89.0,92.0,37.6,124.0,75.0,55.0,23.0,0.0,-2.5,0.0,0.0,7.43,30.0,93.5,0.0,0.0,0.0,0.0,0.0,0.0,0.0,0.0,0.0,0.0,0.0,0.0,0.0,0.0,0.0,0.0,0.0,0.0,0.0,0.0,0
10327,92.0,93.0,37.8,116.0,69.0,53.0,20.0,0.0,-2.0,0.0,0.0,7.43,0.0,94.0,0.0,0.0,0.0,0.0,0.0,0.0,0.0,0.0,0.0,0.0,0.0,0.0,0.0,0.0,0.0,0.0,0.0,0.0,0.0,0.0,0
10327,96.0,95.0,37.6,125.0,78.0,59.0,19.0,0.0,-1.0,0.0,0.0,7.43,32.0,84.0,0.0,0.0,0.0,0.0,0.0,0.0,0.0,0.0,0.0,0.0,0.0,0.0,0.0,0.0,29.6,10.3,0.0,0.0,0.0,0.0,0
10327,100.0,97.0,37.6,130.0,80.0,60.0,20.0,0.0,-1.0,0.0,0.5,7.43,0.0,96.0,0.0,0.0,0.0,0.0,0.0,0.0,0.0,0.0,0.0,0.0,0.0,0.0,0.0,0.0,29.6,10.3,0.0,0.0,0.0,0.0,0
10327,99.0,96.0,37.7,111.0,71.0,56.0,19.0,0.0,-1.0,0.0,0.0,7.43,32.0,96.0,0.0,0.0,0.0,0.0,0.0,0.0,0.0,129.0,0.0,0.0,0.0,0.0,0.0,0.0,0.0,0.0,0.0,0.0,0.0,0.0,0
10327,96.0,98.0,37.6,144.0,88.0,66.0,20.0,0.0,-1.0,0.0,0.0,7.43,0.0,96.0,0.0,0.0,0.0,0.0,0.0,0.0,0.0,0.0,0.0,0.0,0.0,0.0,0.0,0.0,0.0,0.0,0.0,0.0,0.0,0.0,0
10327,97.0,96.0,37.7,106.0,64.0,50.0,21.0,0.0,0.0,0.0,0.5,7.46,31.0,95.0,0.0,0.0,0.0,0.0,0.0,0.0,0.0,0.0,0.0,0.0,0.0,0.0,0.0,0.0,0.0,0.0,0.0,0.0,0.0,0.0,0
10327,105.0,94.0,37.6,111.0,69.0,53.0,21.0,0.0,0.0,0.0,0.0,7.45,0.0,83.0,0.0,0.0,0.0,0.0,0.0,0.0,0.0,0.0,0.0,0.0,0.0,0.0,0.0,0.0,0.0,0.0,0.0,0.0,0.0,0.0,0
10327,113.0,93.0,35.3,129.0,78.0,59.0,31.0,0.0,0.0,0.0,0.0,0.0,0.0,0.0,0.0,0.0,0.0,0.0,0.0,0.0,0.0,0.0,0.0,0.0,0.0,0.0,0.0,0.0,0.0,0.0,0.0,0.0,0.0,0.0,0
10327,88.0,95.0,37.5,105.0,67.0,49.0,18.0,0.0,0.0,0.0,0.0,0.0,0.0,0.0,0.0,0.0,0.0,0.0,0.0,0.0,0.0,0.0,0.0,0.0,0.0,0.0,0.0,0.0,0.0,0.0,0.0,0.0,0.0,0.0,0
10327,90.0,97.0,37.5,98.0,64.0,47.0,17.0,0.0,0.0,0.0,0.0,0.0,0.0,0.0,0.0,0.0,0.0,0.0,0.0,0.0,0.0,0.0,0.0,0.0,0.0,0.0,0.0,0.0,0.0,0.0,0.0,0.0,0.0,0.0,0
10327,95.0,93.0,37.6,112.0,70.0,51.0,20.0,0.0,-1.0,0.0,0.0,7.43,33.0,64.0,0.0,0.0,0.0,0.0,0.0,0.0,0.0,100.0,0.0,0.0,0.0,0.0,0.0,0.0,0.0,0.0,0.0,0.0,0.0,0.0,0
10327,93.0,93.0,37.6,110.0,69.0,50.0,19.0,0.0,0.0,22.0,0.0,0.0,0.0,0.0,0.0,18.0,0.0,0.0,107.0,0.9,0.0,121.0,0.0,2.2,0.0,4.0,0.0,0.0,28.8,10.0,0.0,8.2,0.0,90.0,0
10327,97.0,94.0,37.5,130.0,83.0,61.0,19.0,0.0,0.0,22.0,0.0,0.0,0.0,0.0,0.0,18.0,0.0,0.0,107.0,0.0,0.0,0.0,0.0,2.2,0.0,4.0,0.0,0.0,28.8,10.0,0.0,8.2,0.0,0.0,0
10327,93.0,94.0,37.5,138.0,87.0,62.0,20.0,0.0,0.0,0.0,0.0,0.0,0.0,0.0,0.0,0.0,0.0,0.0,0.0,0.0,0.0,0.0,0.0,0.0,0.0,0.0,0.0,0.0,0.0,0.0,0.0,0.0,0.0,0.0,0
10327,87.0,91.0,37.6,117.0,77.0,59.0,23.0,0.0,0.0,0.0,0.0,0.0,0.0,0.0,0.0,0.0,0.0,0.0,0.0,0.0,0.0,0.0,0.0,0.0,0.0,0.0,0.0,0.0,0.0,0.0,0.0,0.0,0.0,0.0,0
