10344,72.5,100.0,0.0,126.5,86.0,67.0,14.0,0.0,-1.0,24.0,1.0,7.34,45.0,0.0,0.0,18.0,0.0,0.0,109.0,1.1,0.0,111.0,0.0,0.0,0.0,4.3,0.0,0.0,33.4,11.9,26.3,12.1,0.0,162.0,0
10344,70.0,100.0,35.55,115.5,81.5,64.25,14.0,0.0,-1.0,24.0,0.5,7.34,0.0,0.0,0.0,18.0,0.0,0.0,109.0,0.0,0.0,0.0,0.0,0.0,0.0,4.3,0.0,0.0,33.4,11.9,0.0,12.1,0.0,0.0,0
10344,74.0,97.5,35.9,120.5,82.0,64.0,14.0,0.0,0.0,0.0,0.0,0.0,0.0,0.0,0.0,0.0,0.0,0.0,0.0,0.0,0.0,0.0,0.0,0.0,0.0,0.0,0.0,0.0,0.0,0.0,0.0,0.0,0.0,0.0,0
10344,82.0,99.0,35.95,127.5,87.5,70.75,18.25,0.0,-2.0,0.0,0.5,7.3,49.0,0.0,0.0,0.0,0.0,0.0,0.0,0.0,0.0,143.0,0.0,0.0,0.0,0.0,0.0,0.0,0.0,0.0,0.0,0.0,0.0,0.0,0
10344,79.0,98.0,36.2,88.5,64.0,55.5,19.5,0.0,-2.0,0.0,0.4,7.3,0.0,0.0,0.0,0.0,0.0,0.0,0.0,0.0,0.0,0.0,0.0,0.0,0.0,0.0,0.0,0.0,0.0,0.0,0.0,0.0,0.0,0.0,0
10344,75.0,100.0,36.2,95.5,64.0,51.0,20.0,0.0,0.0,0.0,0.0,0.0,0.0,0.0,0.0,0.0,0.0,0.0,0.0,0.0,0.0,0.0,0.0,0.0,0.0,0.0,0.0,0.0,0.0,0.0,0.0,0.0,0.0,0.0,0
10344,71.0,99.0,36.35,102.5,66.5,53.0,17.5,0.0,-1.0,0.0,0.0,7.36,41.0,0.0,0.0,0.0,0.0,0.0,0.0,0.0,0.0,135.0,0.0,0.0,0.0,0.0,0.0,0.0,34.1,0.0,0.0,0.0,0.0,0.0,0
10344,79.0,100.0,36.55,96.0,65.5,52.5,17.0,0.0,-1.0,0.0,0.0,7.36,0.0,0.0,0.0,0.0,0.0,0.0,0.0,0.0,0.0,0.0,0.0,0.0,0.0,0.0,0.0,0.0,34.1,0.0,0.0,0.0,0.0,0.0,0
10344,80.0,100.0,36.6,131.5,89.0,70.0,19.0,0.0,0.0,0.0,0.4,0.0,0.0,0.0,0.0,0.0,0.0,0.0,0.0,0.0,0.0,0.0,0.0,0.0,0.0,0.0,0.0,0.0,0.0,0.0,0.0,0.0,0.0,0.0,0
10344,76.0,97.0,37.1,117.0,82.0,66.0,21.5,0.0,-2.0,0.0,0.0,7.37,38.0,96.0,0.0,0.0,0.0,0.0,0.0,0.0,0.0,0.0,0.0,0.0,0.0,0.0,0.0,0.0,0.0,0.0,0.0,0.0,0.0,0.0,0
10344,79.0,95.0,37.2,106.0,77.0,67.5,24.0,0.0,-2.0,0.0,0.35,7.37,0.0,96.0,0.0,0.0,0.0,0.0,0.0,0.0,0.0,0.0,0.0,0.0,0.0,0.0,0.0,0.0,0.0,0.0,0.0,0.0,0.0,0.0,0
10344,76.0,96.0,37.2,104.0,67.0,53.0,16.0,0.0,0.0,0.0,0.0,0.0,0.0,0.0,0.0,0.0,0.0,0.0,0.0,0.0,0.0,0.0,0.0,0.0,0.0,0.0,0.0,0.0,0.0,0.0,0.0,0.0,0.0,0.0,0
10344,87.0,96.0,37.2,128.0,88.0,68.0,18.0,0.0,0.0,28.0,0.0,0.0,0.0,0.0,0.0,15.0,0.0,0.0,104.0,1.1,0.0,106.0,0.0,2.6,0.0,4.9,0.0,0.0,34.4,12.0,0.0,8.6,0.0,149.0,0
10344,97.0,97.0,37.1,119.0,77.0,61.0,15.0,0.0,0.0,28.0,0.0,0.0,0.0,0.0,0.0,15.0,0.0,0.0,104.0,0.0,0.0,0.0,0.0,2.6,0.0,4.9,0.0,0.0,34.4,12.0,0.0,8.6,0.0,0.0,0
10344,95.0,98.0,37.1,112.0,75.0,59.0,17.0,0.0,0.0,0.0,0.0,0.0,0.0,0.0,0.0,0.0,0.0,0.0,0.0,0.0,0.0,0.0,0.0,0.0,0.0,0.0,0.0,0.0,0.0,0.0,0.0,0.0,0.0,0.0,0
10344,92.0,100.0,37.3,125.0,86.0,68.0,26.0,0.0,0.0,0.0,0.0,0.0,0.0,0.0,0.0,0.0,0.0,0.0,0.0,0.0,0.0,0.0,0.0,0.0,0.0,0.0,0.0,0.0,0.0,0.0,0.0,0.0,0.0,0.0,0
10344,93.0,97.0,0.0,115.0,72.0,55.0,21.0,0.0,0.0,0.0,0.0,0.0,0.0,0.0,0.0,0.0,0.0,0.0,0.0,0.0,0.0,0.0,0.0,0.0,0.0,0.0,0.0,0.0,0.0,0.0,0.0,0.0,0.0,0.0,0
10344,96.0,96.0,0.0,118.0,74.0,55.0,23.0,0.0,0.0,0.0,0.0,0.0,0.0,0.0,0.0,0.0,0.0,0.0,0.0,0.0,0.0,0.0,0.0,0.0,0.0,0.0,0.0,0.0,0.0,0.0,0.0,0.0,0.0,0.0,0
10344,94.0,97.0,36.67,116.0,71.0,52.0,16.0,0.0,0.0,0.0,0.0,0.0,0.0,0.0,0.0,0.0,0.0,0.0,0.0,0.0,0.0,0.0,0.0,0.0,0.0,0.0,0.0,0.0,0.0,0.0,0.0,0.0,0.0,0.0,0
10344,99.0,95.0,0.0,0.0,0.0,0.0,17.0,0.0,0.0,0.0,0.0,0.0,0.0,0.0,0.0,0.0,0.0,0.0,0.0,0.0,0.0,0.0,0.0,0.0,0.0,0.0,0.0,0.0,0.0,0.0,0.0,0.0,0.0,0.0,0
10344,102.0,96.0,0.0,0.0,67.5,0.0,16.0,0.0,0.0,0.0,0.0,0.0,0.0,0.0,0.0,0.0,0.0,0.0,0.0,0.0,0.0,0.0,0.0,0.0,0.0,0.0,0.0,0.0,0.0,0.0,0.0,0.0,0.0,0.0,0
10344,104.0,96.0,0.0,0.0,67.0,0.0,16.0,0.0,0.0,0.0,0.0,7.3,0.0,0.0,0.0,0.0,0.0,0.0,0.0,0.0,0.0,0.0,0.0,2.3,0.0,0.0,0.0,0.0,35.5,12.2,23.5,9.4,0.0,161.0,0
10344,99.0,97.0,36.67,0.0,66.0,0.0,15.0,0.0,0.0,0.0,0.0,0.0,0.0,0.0,0.0,0.0,0.0,0.0,0.0,0.0,0.0,0.0,0.0,2.3,0.0,0.0,0.0,0.0,35.5,12.2,0.0,9.4,0.0,0.0,0
10344,88.0,97.0,0.0,0.0,62.0,0.0,13.0,0.0,0.0,0.0,0.0,0.0,0.0,0.0,0.0,0.0,0.0,0.0,0.0,0.0,0.0,0.0,0.0,0.0,0.0,0.0,0.0,0.0,0.0,0.0,0.0,0.0,0.0,0.0,0
10344,92.0,99.0,0.0,0.0,77.0,0.0,22.0,0.0,0.0,0.0,0.0,0.0,0.0,0.0,0.0,0.0,0.0,0.0,0.0,0.0,0.0,0.0,0.0,0.0,0.0,0.0,0.0,0.0,0.0,0.0,0.0,0.0,0.0,0.0,0
10344,85.0,98.0,36.78,0.0,70.0,0.0,24.0,0.0,0.0,28.0,0.0,0.0,0.0,0.0,0.0,15.0,0.0,8.2,103.0,1.3,0.0,116.0,0.0,3.8,3.4,4.7,0.0,0.0,34.5,12.1,0.0,9.8,0.0,155.0,0
10344,84.0,98.0,0.0,0.0,64.0,0.0,9.0,0.0,0.0,28.0,0.0,0.0,0.0,0.0,0.0,15.0,0.0,0.0,103.0,0.0,0.0,0.0,0.0,3.8,0.0,4.7,0.0,0.0,34.5,12.1,0.0,9.8,0.0,0.0,0
10344,87.0,99.0,0.0,0.0,71.0,0.0,22.0,0.0,0.0,0.0,0.0,0.0,0.0,0.0,0.0,0.0,0.0,0.0,0.0,0.0,0.0,0.0,0.0,0.0,0.0,0.0,0.0,0.0,0.0,0.0,0.0,0.0,0.0,0.0,0
10344,89.0,0.0,0.0,0.0,0.0,0.0,22.0,0.0,0.0,0.0,0.0,0.0,0.0,0.0,0.0,0.0,0.0,0.0,0.0,0.0,0.0,0.0,0.0,0.0,0.0,0.0,0.0,0.0,0.0,0.0,0.0,0.0,0.0,0.0,0
10344,92.0,95.0,0.0,0.0,70.5,0.0,18.0,0.0,0.0,0.0,0.0,0.0,0.0,0.0,0.0,0.0,0.0,0.0,0.0,0.0,0.0,0.0,0.0,0.0,0.0,0.0,0.0,0.0,0.0,0.0,0.0,0.0,0.0,0.0,0
10344,95.0,95.0,37.17,0.0,71.0,0.0,17.0,0.0,0.0,0.0,0.0,0.0,0.0,0.0,0.0,0.0,0.0,0.0,0.0,0.0,0.0,0.0,0.0,0.0,0.0,0.0,0.0,0.0,0.0,0.0,0.0,0.0,0.0,0.0,0
10344,91.0,95.0,0.0,0.0,73.0,0.0,19.0,0.0,0.0,0.0,0.0,0.0,0.0,0.0,0.0,0.0,0.0,0.0,0.0,0.0,0.0,0.0,0.0,0.0,0.0,0.0,0.0,0.0,0.0,0.0,0.0,0.0,0.0,0.0,0
10344,101.0,95.0,0.0,0.0,65.0,0.0,19.0,0.0,0.0,0.0,0.0,7.34,0.0,0.0,0.0,0.0,0.0,0.0,0.0,0.0,0.0,164.0,0.0,0.0,0.0,0.0,0.0,0.0,32.8,0.0,0.0,0.0,0.0,0.0,0
10344,98.0,93.0,37.22,0.0,69.0,0.0,8.0,0.0,0.0,0.0,0.0,0.0,0.0,0.0,0.0,0.0,0.0,0.0,0.0,0.0,0.0,0.0,0.0,0.0,0.0,0.0,0.0,0.0,32.8,0.0,0.0,0.0,0.0,0.0,0
10344,91.0,97.0,0.0,0.0,69.0,0.0,16.0,0.0,0.0,0.0,0.0,0.0,0.0,0.0,0.0,0.0,0.0,0.0,0.0,0.0,0.0,0.0,0.0,0.0,0.0,0.0,0.0,0.0,0.0,0.0,0.0,0.0,0.0,0.0,0
10344,92.0,97.0,0.0,0.0,65.0,0.0,15.0,0.0,0.0,0.0,0.0,0.0,0.0,0.0,0.0,0.0,0.0,0.0,0.0,0.0,0.0,0.0,0.0,0.0,0.0,0.0,0.0,0.0,0.0,0.0,0.0,0.0,0.0,0.0,0
10344,97.0,96.0,36.72,0.0,66.0,0.0,22.0,0.0,0.0,0.0,0.0,0.0,0.0,0.0,0.0,0.0,0.0,0.0,0.0,0.0,0.0,0.0,0.0,0.0,0.0,0.0,0.0,0.0,0.0,0.0,0.0,0.0,0.0,0.0,0
10344,100.0,95.0,0.0,0.0,0.0,0.0,17.0,0.0,0.0,32.0,0.0,7.33,0.0,78.0,0.0,14.0,0.0,8.1,100.0,1.2,0.0,131.0,0.0,2.2,2.6,4.4,0.0,0.0,32.7,11.3,24.4,10.4,0.0,145.0,0
10344,97.0,95.0,0.0,0.0,68.0,0.0,18.0,0.0,0.0,32.0,0.0,0.0,0.0,0.0,0.0,14.0,0.0,0.0,100.0,0.0,0.0,0.0,0.0,2.2,0.0,4.4,0.0,0.0,32.7,11.3,0.0,10.4,0.0,0.0,0
10344,98.0,95.0,0.0,0.0,70.0,0.0,21.0,0.0,0.0,0.0,0.0,0.0,0.0,0.0,0.0,0.0,0.0,0.0,0.0,0.0,0.0,0.0,0.0,0.0,0.0,0.0,0.0,0.0,0.0,0.0,0.0,0.0,0.0,0.0,0
10344,90.0,96.0,0.0,0.0,60.0,0.0,16.0,0.0,0.0,0.0,0.0,0.0,0.0,0.0,0.0,0.0,0.0,0.0,0.0,0.0,0.0,0.0,0.0,0.0,0.0,0.0,0.0,0.0,0.0,0.0,0.0,0.0,0.0,0.0,0
