10758,77.0,100.0,0.0,90.0,58.0,41.5,19.0,0.0,1.0,23.0,1.0,7.52,28.0,99.0,0.0,30.0,0.0,0.0,102.0,1.2,0.0,135.0,0.0,0.0,0.0,4.2,0.6,0.0,35.5,11.2,30.7,22.4,0.0,110.0,0
10758,89.0,100.0,0.0,100.0,65.0,52.5,19.0,0.0,0.0,0.0,0.6,0.0,0.0,84.0,0.0,0.0,0.0,0.0,0.0,0.0,0.0,0.0,0.0,0.0,0.0,0.0,0.0,0.0,0.0,0.0,0.0,0.0,0.0,145.0,0
10758,90.0,100.0,0.0,102.0,63.0,47.5,24.0,0.0,0.0,0.0,0.0,0.0,0.0,0.0,0.0,0.0,0.0,0.0,0.0,0.0,0.0,0.0,0.0,0.0,0.0,0.0,0.0,0.0,0.0,0.0,0.0,0.0,0.0,0.0,0
10758,92.5,100.0,0.0,96.5,58.0,43.5,14.75,0.0,-3.0,0.0,0.6,7.39,34.0,98.0,0.0,0.0,0.0,0.0,0.0,0.0,0.0,172.0,3.5,0.0,0.0,0.0,0.0,0.0,0.0,0.0,0.0,0.0,0.0,0.0,0
10758,85.0,100.0,0.0,81.0,49.0,37.5,14.0,0.0,-3.0,0.0,0.0,7.39,34.0,98.0,0.0,0.0,0.0,0.0,0.0,0.0,0.0,162.0,5.3,0.0,0.0,0.0,0.0,0.0,0.0,0.0,0.0,0.0,0.0,0.0,0
10758,88.0,100.0,0.0,98.5,58.0,43.5,14.0,0.0,-4.0,20.0,0.0,7.38,33.0,98.0,0.0,27.0,0.0,10.1,104.0,1.2,0.0,145.0,6.2,2.6,0.7,3.4,0.0,0.0,31.7,10.8,30.9,22.9,0.0,116.0,0
10758,87.0,100.0,0.0,109.0,65.0,48.5,15.5,0.0,0.0,0.0,0.5,0.0,0.0,0.0,0.0,0.0,0.0,0.0,0.0,0.0,0.0,0.0,0.0,0.0,0.0,0.0,0.0,0.0,0.0,0.0,0.0,0.0,0.0,0.0,0
10758,92.0,100.0,0.0,89.5,55.0,42.5,14.0,0.0,-5.0,0.0,0.0,7.36,34.0,98.0,0.0,0.0,0.0,0.0,0.0,0.0,0.0,146.0,6.1,0.0,0.0,0.0,0.0,0.0,0.0,0.0,0.0,0.0,0.0,0.0,0
10758,88.0,100.0,0.0,102.5,63.0,48.0,19.0,0.0,-3.0,0.0,0.0,7.39,33.0,0.0,0.0,0.0,0.0,0.0,0.0,0.0,0.0,116.0,4.5,0.0,0.0,0.0,0.0,0.0,31.0,10.0,0.0,0.0,0.0,0.0,0
10758,87.0,100.0,0.0,96.5,60.0,47.0,19.5,0.0,0.0,0.0,0.5,0.0,0.0,0.0,0.0,0.0,0.0,0.0,0.0,0.0,0.0,0.0,0.0,0.0,0.0,0.0,0.0,0.0,0.0,0.0,0.0,0.0,0.0,0.0,0
10758,88.0,100.0,0.0,100.0,62.0,49.0,25.0,0.0,0.0,20.0,0.0,7.51,25.5,98.5,57.0,25.0,28.0,8.7,107.0,1.2,0.0,88.0,3.25,2.2,1.4,4.7,1.85,0.0,30.1,9.9,28.0,17.9,190.0,127.0,0
10758,89.0,100.0,0.0,105.0,64.0,50.0,20.0,0.0,0.0,0.0,0.0,0.0,0.0,77.5,0.0,0.0,0.0,0.0,0.0,0.0,0.0,0.0,0.0,0.0,0.0,0.0,0.0,0.0,0.0,0.0,0.0,0.0,0.0,0.0,0
10758,88.0,100.0,0.0,99.5,60.0,46.5,14.0,0.0,0.0,0.0,0.0,0.0,0.0,0.0,0.0,0.0,0.0,0.0,0.0,0.0,0.0,0.0,0.0,0.0,0.0,0.0,0.0,0.0,0.0,0.0,0.0,0.0,0.0,0.0,0
10758,88.0,100.0,0.0,98.0,58.0,45.0,15.0,0.0,0.0,0.0,0.0,0.0,0.0,0.0,0.0,0.0,0.0,0.0,0.0,0.0,0.0,0.0,0.0,0.0,0.0,0.0,0.0,0.0,0.0,0.0,0.0,0.0,0.0,0.0,0
10758,90.0,100.0,0.0,88.5,55.0,43.5,14.0,0.0,-1.0,21.0,0.5,7.42,33.0,0.0,0.0,25.0,0.0,8.8,105.0,1.3,0.0,126.0,1.5,2.1,2.9,4.7,0.0,0.0,29.9,9.8,0.0,0.0,0.0,0.0,0
10758,88.0,100.0,0.0,91.5,58.0,44.5,14.0,0.0,0.0,0.0,0.0,0.0,0.0,0.0,0.0,0.0,0.0,0.0,0.0,0.0,0.0,0.0,0.0,0.0,0.0,0.0,0.0,0.0,0.0,0.0,0.0,0.0,0.0,0.0,0
10758,86.0,100.0,0.0,102.0,63.0,47.0,16.0,0.0,0.0,0.0,0.5,0.0,0.0,0.0,0.0,0.0,0.0,0.0,0.0,0.0,0.0,0.0,0.0,0.0,0.0,0.0,0.0,0.0,0.0,0.0,0.0,0.0,0.0,0.0,0
10758,98.0,99.0,0.0,93.0,59.0,45.5,28.5,0.0,-2.0,0.0,0.5,7.38,37.0,98.0,0.0,0.0,0.0,0.0,0.0,0.0,0.0,123.0,0.0,0.0,0.0,0.0,0.0,0.0,0.0,0.0,0.0,0.0,0.0,0.0,0
10758,108.0,98.0,0.0,75.0,50.0,43.5,25.0,0.0,-2.0,0.0,0.5,7.37,39.0,98.0,0.0,0.0,0.0,0.0,0.0,0.0,0.0,0.0,0.0,0.0,0.0,0.0,0.0,0.0,0.0,0.0,0.0,0.0,0.0,0.0,0
10758,105.5,96.0,0.0,83.75,58.0,50.25,32.5,0.0,0.0,0.0,0.0,0.0,0.0,0.0,0.0,0.0,0.0,0.0,0.0,0.0,0.0,0.0,0.0,0.0,0.0,0.0,0.0,0.0,30.4,9.8,0.0,0.0,0.0,0.0,0
10758,103.0,96.0,0.0,76.5,61.0,55.5,31.0,0.0,0.0,0.0,0.0,7.46,0.0,0.0,0.0,0.0,0.0,8.1,103.0,0.0,0.0,114.0,0.0,2.0,3.3,4.8,0.0,0.0,0.0,0.0,0.0,0.0,0.0,0.0,0
10758,101.0,95.0,0.0,105.0,69.0,53.0,32.0,0.0,0.0,0.0,0.35,0.0,0.0,0.0,0.0,0.0,0.0,0.0,0.0,0.0,0.0,0.0,0.0,0.0,0.0,0.0,0.0,0.0,30.4,0.0,0.0,0.0,0.0,0.0,0
10758,105.0,93.0,0.0,103.0,69.0,54.0,33.0,0.0,0.0,0.0,0.0,0.0,0.0,0.0,0.0,0.0,0.0,0.0,0.0,0.0,0.0,0.0,0.0,0.0,0.0,0.0,0.0,0.0,0.0,0.0,0.0,0.0,0.0,0.0,0
10758,101.0,97.0,0.0,99.0,65.0,46.0,30.0,0.0,3.0,0.0,0.0,7.41,47.0,64.0,0.0,0.0,0.0,0.0,0.0,0.0,0.0,0.0,0.0,0.0,0.0,0.0,0.0,0.0,29.0,9.6,0.0,0.0,0.0,0.0,0
10758,101.0,98.0,0.0,94.0,64.0,50.0,27.0,0.0,0.0,22.0,0.0,0.0,0.0,0.0,0.0,24.0,0.0,9.4,101.0,1.5,0.0,126.0,0.0,2.1,4.1,5.3,0.0,0.0,29.1,9.6,0.0,17.8,0.0,114.0,0
10758,98.0,96.0,0.0,82.0,60.0,51.0,32.0,0.0,0.0,0.0,0.0,7.36,0.0,0.0,0.0,0.0,0.0,0.0,0.0,0.0,0.0,0.0,0.0,0.0,0.0,0.0,0.0,0.0,0.0,0.0,0.0,0.0,0.0,0.0,0
10758,100.0,98.0,0.0,111.0,76.0,61.0,32.0,0.0,0.0,0.0,0.0,0.0,0.0,0.0,0.0,0.0,0.0,0.0,0.0,0.0,0.0,0.0,0.0,0.0,0.0,0.0,0.0,0.0,0.0,0.0,0.0,0.0,0.0,0.0,0
10758,102.0,96.0,0.0,101.0,69.0,53.0,28.0,0.0,0.0,0.0,0.0,0.0,0.0,0.0,0.0,0.0,0.0,0.0,0.0,0.0,0.0,0.0,0.0,0.0,0.0,0.0,0.0,0.0,0.0,0.0,0.0,0.0,0.0,0.0,0
10758,101.0,95.0,0.0,93.0,64.0,49.0,27.0,0.0,0.0,0.0,0.0,0.0,0.0,0.0,0.0,0.0,0.0,0.0,0.0,0.0,0.0,0.0,0.0,0.0,0.0,0.0,0.0,0.0,0.0,0.0,0.0,0.0,0.0,0.0,0
10758,96.0,97.0,0.0,88.0,57.0,41.0,25.0,0.0,0.0,0.0,0.0,0.0,0.0,0.0,0.0,0.0,0.0,0.0,0.0,0.0,0.0,0.0,0.0,0.0,0.0,0.0,0.0,0.0,0.0,0.0,0.0,0.0,0.0,0.0,0
10758,99.0,98.0,0.0,96.0,63.0,46.0,25.0,0.0,0.0,0.0,0.0,0.0,0.0,0.0,0.0,0.0,0.0,0.0,0.0,0.0,0.0,0.0,0.0,0.0,0.0,0.0,0.0,0.0,0.0,0.0,0.0,0.0,0.0,0.0,0
10758,100.0,96.0,0.0,94.0,62.5,46.0,29.0,0.0,0.0,0.0,0.0,0.0,0.0,0.0,0.0,0.0,0.0,0.0,0.0,0.0,0.0,0.0,0.0,0.0,0.0,0.0,0.0,0.0,0.0,0.0,0.0,0.0,0.0,0.0,0
10758,100.0,96.0,0.0,107.0,71.0,53.0,35.0,0.0,0.0,0.0,0.0,0.0,0.0,0.0,0.0,0.0,0.0,0.0,0.0,0.0,0.0,0.0,0.0,0.0,0.0,0.0,0.0,0.0,0.0,0.0,0.0,0.0,0.0,0.0,0
10758,94.0,96.0,0.0,88.0,55.0,39.0,24.0,0.0,0.0,0.0,0.0,0.0,0.0,0.0,0.0,0.0,0.0,0.0,0.0,0.0,0.0,0.0,0.0,0.0,0.0,0.0,0.0,0.0,0.0,0.0,0.0,0.0,0.0,0.0,0
10758,103.0,99.0,0.0,113.0,70.0,50.0,34.0,0.0,0.0,22.0,0.0,0.0,0.0,70.0,50.0,27.0,33.0,9.0,101.0,1.7,0.0,150.0,0.0,2.0,0.0,5.0,1.8,0.0,32.3,10.3,29.6,20.8,0.0,101.0,0
10758,97.0,94.0,0.0,84.0,56.5,43.0,24.0,0.0,0.0,0.0,0.0,0.0,0.0,0.0,0.0,0.0,0.0,0.0,0.0,0.0,0.0,0.0,0.0,0.0,0.0,0.0,0.0,0.0,0.0,0.0,0.0,0.0,0.0,0.0,0
10758,94.0,98.0,0.0,97.0,61.0,45.0,22.0,0.0,0.0,0.0,0.0,0.0,0.0,0.0,0.0,0.0,0.0,0.0,0.0,0.0,0.0,0.0,0.0,0.0,0.0,0.0,0.0,0.0,0.0,0.0,0.0,0.0,0.0,0.0,0
10758,92.0,98.0,0.0,94.0,60.0,44.0,21.0,0.0,0.0,0.0,0.0,0.0,0.0,0.0,0.0,0.0,0.0,0.0,0.0,0.0,0.0,0.0,0.0,0.0,0.0,0.0,0.0,0.0,0.0,0.0,0.0,0.0,0.0,0.0,0
10758,94.0,98.0,0.0,99.0,62.0,45.0,24.0,0.0,0.0,0.0,0.0,0.0,0.0,0.0,0.0,0.0,0.0,0.0,0.0,0.0,0.0,0.0,0.0,0.0,0.0,0.0,0.0,0.0,0.0,0.0,0.0,0.0,0.0,0.0,0
10758,97.0,96.0,0.0,95.0,61.0,45.0,29.0,0.0,0.0,0.0,0.0,0.0,0.0,0.0,0.0,0.0,0.0,0.0,0.0,0.0,0.0,0.0,1.5,0.0,0.0,0.0,0.0,0.0,0.0,0.0,0.0,0.0,0.0,0.0,0
10758,95.0,97.0,0.0,103.0,54.5,48.0,21.0,0.0,0.0,0.0,0.0,0.0,0.0,0.0,0.0,0.0,0.0,0.0,0.0,0.0,0.0,0.0,0.0,0.0,0.0,0.0,0.0,0.0,0.0,0.0,0.0,0.0,0.0,0.0,0
10758,90.0,99.0,0.0,103.0,63.0,44.0,17.0,0.0,0.0,0.0,0.0,0.0,0.0,0.0,0.0,0.0,0.0,0.0,0.0,0.0,0.0,0.0,0.0,0.0,0.0,0.0,0.0,0.0,0.0,0.0,0.0,0.0,0.0,0.0,0
