10840,0.0,0.0,0.0,0.0,0.0,0.0,0.0,0.0,0.0,0.0,0.0,0.0,0.0,0.0,0.0,0.0,0.0,0.0,0.0,0.0,0.0,0.0,0.0,0.0,0.0,0.0,0.0,0.0,0.0,0.0,0.0,0.0,0.0,0.0,0
10840,79.0,100.0,0.0,106.0,79.33,0.0,16.0,0.0,0.0,0.0,0.0,0.0,0.0,0.0,0.0,0.0,0.0,0.0,0.0,0.0,0.0,0.0,0.0,0.0,0.0,0.0,0.0,0.0,0.0,0.0,0.0,0.0,0.0,0.0,0
10840,78.0,100.0,0.0,112.0,72.67,0.0,20.0,0.0,0.0,0.0,0.0,0.0,0.0,0.0,0.0,0.0,0.0,0.0,0.0,0.0,0.0,0.0,0.0,0.0,0.0,0.0,0.0,0.0,0.0,0.0,0.0,0.0,0.0,0.0,0
10840,88.0,100.0,0.0,113.0,74.33,0.0,24.0,0.0,0.0,20.0,0.0,0.0,0.0,0.0,23.0,102.0,146.0,8.1,109.0,2.7,0.0,168.0,0.0,2.2,3.4,5.1,2.4,0.0,30.6,0.0,30.2,5.2,0.0,177.0,0
10840,81.0,99.0,35.78,108.0,73.33,0.0,21.0,0.0,0.0,0.0,0.0,0.0,0.0,0.0,0.0,0.0,0.0,0.0,0.0,0.0,0.0,0.0,0.0,0.0,0.0,0.0,0.0,0.0,0.0,0.0,0.0,0.0,0.0,0.0,0
10840,79.0,100.0,0.0,111.0,79.67,0.0,21.0,0.0,0.0,0.0,0.0,0.0,0.0,0.0,0.0,0.0,0.0,0.0,0.0,0.0,0.0,0.0,0.0,0.0,0.0,0.0,0.0,0.0,0.0,0.0,0.0,0.0,0.0,0.0,0
10840,82.0,99.0,0.0,105.0,71.67,0.0,20.0,0.0,0.0,0.0,0.0,0.0,0.0,0.0,0.0,0.0,0.0,0.0,0.0,0.0,0.0,0.0,0.0,0.0,0.0,0.0,0.0,0.0,0.0,0.0,0.0,0.0,0.0,0.0,0
10840,68.0,100.0,0.0,92.0,63.33,0.0,13.0,0.0,0.0,0.0,0.0,0.0,0.0,0.0,0.0,0.0,0.0,0.0,0.0,0.0,0.0,0.0,0.0,0.0,0.0,0.0,0.0,0.0,0.0,0.0,0.0,0.0,0.0,0.0,0
10840,75.0,100.0,35.44,100.0,68.0,0.0,21.0,0.0,0.0,0.0,0.0,0.0,0.0,0.0,0.0,0.0,0.0,0.0,0.0,0.0,0.0,0.0,0.0,0.0,0.0,0.0,0.0,0.0,0.0,0.0,0.0,0.0,0.0,0.0,0
10840,67.0,100.0,0.0,98.0,74.67,0.0,18.0,0.0,0.0,0.0,0.0,0.0,0.0,0.0,0.0,0.0,0.0,0.0,0.0,0.0,0.0,0.0,0.0,0.0,0.0,0.0,0.0,0.0,0.0,0.0,0.0,0.0,0.0,0.0,0
10840,80.0,100.0,0.0,94.0,68.67,0.0,20.0,0.0,0.0,0.0,0.0,0.0,0.0,0.0,0.0,0.0,0.0,0.0,0.0,0.0,0.0,0.0,0.0,0.0,0.0,0.0,0.0,0.0,0.0,0.0,0.0,0.0,0.0,0.0,0
10840,72.0,100.0,0.0,104.0,71.33,0.0,18.0,0.0,0.0,0.0,0.0,0.0,0.0,0.0,0.0,0.0,0.0,0.0,0.0,0.0,0.0,0.0,0.0,0.0,0.0,0.0,0.0,0.0,0.0,0.0,0.0,0.0,0.0,0.0,0
10840,77.0,100.0,35.78,114.0,70.0,0.0,23.0,0.0,0.0,0.0,0.0,0.0,0.0,0.0,0.0,0.0,0.0,0.0,0.0,0.0,0.0,0.0,0.0,0.0,0.0,0.0,0.0,0.0,0.0,0.0,0.0,0.0,0.0,0.0,0
10840,77.5,98.5,0.0,103.5,74.5,0.0,25.5,0.0,0.0,0.0,0.0,0.0,0.0,0.0,0.0,0.0,0.0,0.0,0.0,0.0,0.0,0.0,0.0,0.0,0.0,0.0,0.0,0.0,0.0,0.0,0.0,0.0,0.0,0.0,0
10840,75.0,98.5,0.0,110.0,78.0,0.0,23.0,0.0,0.0,0.0,0.0,0.0,0.0,0.0,0.0,0.0,0.0,0.0,0.0,0.0,0.0,0.0,0.0,0.0,0.0,0.0,0.0,0.0,0.0,0.0,0.0,0.0,0.0,0.0,0
10840,80.0,100.0,0.0,113.0,66.33,0.0,22.0,0.0,0.0,0.0,0.0,0.0,0.0,0.0,0.0,0.0,0.0,0.0,0.0,0.0,0.0,0.0,0.0,0.0,0.0,0.0,0.0,0.0,0.0,0.0,0.0,0.0,0.0,0.0,0
10840,89.0,99.0,0.0,98.0,73.33,0.0,21.0,0.0,0.0,0.0,0.0,0.0,0.0,0.0,0.0,0.0,0.0,0.0,0.0,0.0,0.0,0.0,0.0,0.0,0.0,0.0,0.0,0.0,0.0,0.0,0.0,0.0,0.0,0.0,0
10840,90.0,98.0,0.0,102.0,71.33,0.0,25.0,0.0,0.0,0.0,0.0,0.0,0.0,0.0,0.0,0.0,0.0,0.0,0.0,0.0,0.0,0.0,0.0,0.0,0.0,0.0,0.0,0.0,0.0,0.0,0.0,0.0,0.0,0.0,0
10840,83.0,100.0,35.61,93.0,65.67,0.0,16.0,0.0,0.0,0.0,0.0,0.0,0.0,0.0,0.0,0.0,0.0,0.0,0.0,0.0,0.0,0.0,0.0,0.0,0.0,0.0,0.0,0.0,0.0,0.0,0.0,0.0,0.0,0.0,0
10840,88.0,98.0,0.0,108.0,70.0,0.0,22.0,0.0,0.0,0.0,0.0,0.0,0.0,0.0,0.0,0.0,0.0,0.0,0.0,0.0,0.0,0.0,0.0,0.0,0.0,0.0,0.0,0.0,0.0,0.0,0.0,0.0,0.0,0.0,0
10840,85.0,94.0,0.0,102.0,74.0,0.0,21.0,0.0,0.0,0.0,0.0,0.0,0.0,0.0,0.0,0.0,0.0,0.0,0.0,0.0,0.0,0.0,0.0,0.0,0.0,0.0,0.0,0.0,0.0,0.0,0.0,0.0,0.0,0.0,0
10840,0.0,0.0,0.0,0.0,0.0,0.0,0.0,0.0,0.0,0.0,0.0,0.0,0.0,0.0,0.0,0.0,0.0,0.0,0.0,0.0,0.0,0.0,0.0,0.0,0.0,0.0,0.0,0.0,0.0,0.0,0.0,0.0,0.0,0.0,0
10840,0.0,0.0,0.0,0.0,0.0,0.0,0.0,0.0,0.0,0.0,0.0,0.0,0.0,0.0,0.0,0.0,0.0,0.0,0.0,0.0,0.0,0.0,0.0,0.0,0.0,0.0,0.0,0.0,0.0,0.0,0.0,0.0,0.0,0.0,0
10840,98.0,99.0,0.0,79.5,50.67,0.0,29.0,0.0,0.0,22.0,0.0,7.31,0.0,0.0,0.0,83.0,0.0,0.0,0.0,2.3,0.0,178.0,4.8,2.3,0.0,0.0,0.0,0.0,25.65,7.8,45.7,4.8,0.0,196.0,0
10840,104.0,96.5,0.0,70.0,43.33,0.0,22.5,0.0,0.0,0.0,0.0,0.0,0.0,0.0,0.0,0.0,0.0,0.0,0.0,0.0,0.0,0.0,0.0,0.0,0.0,0.0,0.0,0.0,19.1,6.5,0.0,4.3,0.0,149.0,0
10840,112.5,100.0,0.0,77.5,44.17,67.5,33.0,0.0,-2.0,0.0,0.0,7.41,33.0,0.0,0.0,0.0,0.0,0.0,0.0,0.0,0.0,0.0,0.0,0.0,0.0,0.0,0.0,0.0,18.0,5.9,0.0,0.0,0.0,0.0,0
10840,117.0,99.0,0.0,115.0,81.0,66.0,32.0,0.0,-6.5,0.0,0.0,7.35,32.5,98.0,0.0,0.0,0.0,0.0,0.0,0.0,0.0,201.0,2.2,0.0,0.0,0.0,0.0,0.0,36.0,12.0,0.0,0.0,0.0,0.0,0
10840,0.0,0.0,0.0,0.0,0.0,0.0,0.0,0.0,-8.5,0.0,0.0,7.22,44.5,0.0,0.0,0.0,0.0,0.0,0.0,0.0,0.0,169.0,1.5,0.0,0.0,0.0,0.0,0.0,53.0,17.8,37.8,0.0,379.0,0.0,0
10840,0.0,0.0,0.0,0.0,0.0,0.0,0.0,0.0,-5.0,0.0,0.0,7.3,42.0,0.0,0.0,0.0,0.0,0.0,0.0,0.0,0.0,0.0,0.0,0.0,0.0,0.0,0.0,0.0,40.0,13.4,0.0,0.0,0.0,0.0,0
10840,0.0,0.0,0.0,0.0,0.0,0.0,0.0,0.0,-7.0,0.0,0.0,7.24,47.0,0.0,0.0,0.0,0.0,0.0,0.0,0.0,0.0,159.0,0.0,0.0,0.0,0.0,0.0,0.0,54.0,17.9,0.0,0.0,0.0,0.0,0
10840,136.0,0.0,34.78,134.0,102.5,88.0,12.0,0.0,-8.0,0.0,0.0,7.17,61.0,74.0,0.0,0.0,0.0,0.0,0.0,0.0,0.0,0.0,1.7,0.0,0.0,0.0,0.0,0.0,58.0,19.4,0.0,0.0,0.0,0.0,0
10840,129.0,96.0,34.9,111.5,82.5,71.0,12.0,0.0,-9.0,19.0,1.0,7.17,53.0,96.0,179.0,66.0,97.0,8.8,111.0,1.8,0.0,162.0,0.0,1.7,5.6,3.9,6.1,0.0,54.3,19.2,58.7,3.9,0.0,196.0,0
10840,131.0,97.0,35.5,85.0,67.0,60.0,16.0,0.0,-9.0,0.0,0.0,7.25,40.0,97.0,0.0,0.0,0.0,0.0,0.0,0.0,0.0,0.0,0.0,0.0,0.0,0.0,0.0,0.0,0.0,0.0,0.0,0.0,0.0,0.0,0
10840,128.0,98.0,35.7,73.0,58.0,51.0,17.0,0.0,0.0,0.0,0.0,0.0,0.0,0.0,0.0,0.0,0.0,0.0,0.0,0.0,0.0,0.0,0.0,0.0,0.0,0.0,0.0,0.0,0.0,0.0,0.0,0.0,0.0,0.0,0
10840,128.0,99.0,36.4,85.0,72.0,61.0,19.0,0.0,0.0,0.0,0.0,0.0,0.0,0.0,0.0,0.0,0.0,0.0,0.0,0.0,0.0,0.0,0.0,0.0,0.0,0.0,0.0,0.0,0.0,0.0,0.0,0.0,0.0,0.0,0
10840,105.0,99.0,36.7,84.25,64.17,59.0,18.0,0.0,0.0,18.0,0.0,0.0,0.0,0.0,111.0,65.0,67.0,7.8,113.0,1.9,0.0,146.0,0.0,0.0,5.1,4.3,0.0,0.0,39.5,13.3,30.3,4.3,0.0,140.0,0
10840,83.0,100.0,37.0,85.0,63.0,52.0,16.0,0.0,0.0,0.0,1.0,0.0,0.0,0.0,0.0,0.0,0.0,0.0,0.0,0.0,0.0,0.0,0.0,0.0,0.0,0.0,0.0,0.0,0.0,0.0,0.0,0.0,0.0,0.0,0
10840,92.0,100.0,37.1,90.0,66.0,53.0,16.0,0.0,0.0,0.0,0.0,0.0,0.0,0.0,0.0,0.0,0.0,0.0,0.0,0.0,0.0,0.0,0.0,0.0,0.0,0.0,0.0,0.0,0.0,0.0,0.0,0.0,0.0,0.0,0
10840,87.0,100.0,37.0,91.0,68.0,54.0,15.0,0.0,0.0,0.0,0.0,0.0,0.0,0.0,0.0,0.0,0.0,0.0,0.0,0.0,0.0,0.0,0.0,0.0,0.0,0.0,0.0,0.0,0.0,0.0,0.0,0.0,0.0,0.0,0
10840,86.0,100.0,36.8,102.0,77.0,63.0,20.0,0.0,0.0,0.0,0.0,0.0,0.0,0.0,0.0,0.0,0.0,0.0,0.0,0.0,0.0,0.0,0.0,0.0,0.0,0.0,0.0,0.0,0.0,0.0,0.0,0.0,0.0,0.0,0
10840,83.0,99.0,36.6,114.0,73.0,68.0,18.5,0.0,0.0,0.0,0.5,0.0,0.0,0.0,0.0,0.0,0.0,0.0,0.0,0.0,0.0,0.0,0.0,0.0,0.0,0.0,0.0,0.0,0.0,0.0,0.0,0.0,0.0,0.0,0
10840,82.0,99.0,36.5,108.0,80.0,66.0,16.0,0.0,-5.0,17.0,0.0,7.32,39.0,0.0,175.0,71.0,87.0,8.2,110.0,2.2,0.0,107.0,0.0,1.7,5.4,4.3,0.0,0.0,40.9,14.0,29.0,5.9,0.0,74.0,0
