10871,98.0,100.0,0.0,99.0,69.0,56.0,12.0,0.0,0.0,28.0,1.0,0.0,0.0,0.0,0.0,11.0,0.0,0.0,109.0,0.9,0.0,0.0,0.0,0.0,0.0,0.0,0.0,0.0,30.6,10.2,37.7,8.8,233.0,145.0,0
10871,105.0,100.0,35.9,113.0,77.0,62.5,12.0,0.0,5.0,0.0,0.5,7.45,42.0,83.0,0.0,0.0,0.0,0.0,0.0,0.0,0.0,73.0,0.0,0.0,0.0,3.2,0.0,0.0,0.0,0.0,0.0,0.0,0.0,0.0,0
10871,113.0,100.0,36.4,119.0,84.5,68.5,12.0,0.0,0.0,0.0,0.0,0.0,0.0,0.0,0.0,0.0,0.0,0.0,0.0,0.0,0.0,0.0,0.0,0.0,0.0,0.0,0.0,0.0,0.0,0.0,0.0,0.0,0.0,0.0,0
10871,114.0,100.0,0.0,129.5,87.0,74.0,12.0,0.0,4.0,0.0,0.5,7.42,45.0,99.0,0.0,0.0,0.0,0.0,0.0,0.0,0.0,72.0,0.0,0.0,0.0,3.4,0.0,0.0,34.5,0.0,0.0,0.0,0.0,0.0,0
10871,117.0,98.0,37.0,129.5,77.5,74.5,19.5,0.0,2.0,0.0,0.4,7.41,43.0,98.0,0.0,0.0,0.0,0.0,0.0,0.0,0.0,0.0,0.0,0.0,0.0,0.0,0.0,0.0,0.0,0.0,0.0,0.0,0.0,0.0,0
10871,118.5,100.0,0.0,108.0,79.5,66.5,20.0,0.0,4.0,0.0,0.4,7.43,43.0,97.0,0.0,0.0,0.0,0.0,0.0,0.0,0.0,0.0,0.0,0.0,0.0,4.6,0.0,0.0,0.0,0.0,0.0,0.0,0.0,0.0,0
10871,110.0,99.0,38.0,73.0,57.0,49.0,20.0,0.0,0.0,0.0,0.6,0.0,0.0,0.0,0.0,0.0,0.0,0.0,0.0,0.0,0.0,0.0,0.0,0.0,0.0,0.0,0.0,0.0,0.0,0.0,0.0,0.0,0.0,0.0,0
10871,112.0,98.0,0.0,107.0,76.0,62.0,18.0,0.0,0.0,0.0,0.0,0.0,0.0,0.0,0.0,0.0,0.0,0.0,0.0,0.0,0.0,0.0,0.0,0.0,0.0,0.0,0.0,0.0,0.0,0.0,0.0,0.0,0.0,0.0,0
10871,115.0,100.0,38.2,100.0,72.0,58.0,18.0,0.0,0.0,0.0,0.7,7.44,0.0,0.0,0.0,0.0,0.0,0.0,0.0,0.0,0.0,154.0,0.0,0.0,0.0,5.2,0.0,0.0,33.8,0.0,0.0,0.0,0.0,0.0,0
10871,110.0,100.0,37.8,88.0,63.0,50.0,18.0,0.0,0.0,0.0,0.0,0.0,0.0,0.0,0.0,0.0,0.0,0.0,0.0,0.0,0.0,0.0,0.0,0.0,0.0,0.0,0.0,0.0,0.0,0.0,0.0,0.0,0.0,0.0,0
10871,112.0,99.5,37.3,80.0,61.0,48.5,15.0,0.0,0.0,0.0,0.0,0.0,0.0,0.0,0.0,0.0,0.0,0.0,0.0,0.0,0.0,0.0,0.0,0.0,0.0,0.0,0.0,0.0,0.0,0.0,0.0,0.0,0.0,0.0,0
10871,111.0,100.0,37.1,97.0,67.0,52.0,14.0,0.0,0.0,0.0,0.0,0.0,0.0,0.0,0.0,0.0,0.0,0.0,0.0,0.0,0.0,0.0,0.0,0.0,0.0,0.0,0.0,0.0,0.0,0.0,0.0,0.0,0.0,0.0,0
10871,111.0,100.0,37.1,94.0,65.0,50.0,14.0,0.0,0.0,30.0,0.0,0.0,0.0,0.0,0.0,12.0,0.0,0.0,105.0,1.1,0.0,140.0,0.0,1.7,0.0,4.2,0.0,0.0,31.6,10.1,0.0,14.2,0.0,180.0,0
10871,109.0,100.0,0.0,98.0,66.0,51.0,15.0,0.0,2.0,0.0,0.0,7.38,50.0,75.0,0.0,0.0,0.0,0.0,0.0,0.0,0.0,0.0,0.0,0.0,0.0,0.0,0.0,0.0,0.0,0.0,0.0,0.0,0.0,0.0,0
10871,109.0,96.0,36.9,86.0,60.0,49.0,14.0,0.0,0.0,0.0,0.0,0.0,0.0,0.0,0.0,0.0,0.0,0.0,0.0,0.0,0.0,0.0,0.0,0.0,0.0,0.0,0.0,0.0,0.0,0.0,0.0,0.0,0.0,0.0,0
10871,105.0,96.0,36.7,112.0,71.0,55.5,15.0,0.0,0.0,0.0,0.0,0.0,0.0,0.0,0.0,0.0,0.0,0.0,0.0,0.0,0.0,0.0,0.0,0.0,0.0,0.0,0.0,0.0,0.0,0.0,0.0,0.0,0.0,0.0,0
10871,108.0,99.0,36.8,118.5,76.0,59.0,13.5,0.0,7.0,0.0,0.0,7.43,48.0,97.0,0.0,0.0,0.0,0.0,0.0,0.0,0.0,58.0,0.0,2.2,0.0,3.9,0.0,0.0,0.0,0.0,0.0,0.0,0.0,0.0,0
10871,108.0,100.0,36.8,115.0,74.0,59.0,14.0,0.0,0.0,0.0,0.0,0.0,0.0,0.0,0.0,0.0,0.0,0.0,0.0,0.0,0.0,0.0,0.0,0.0,0.0,0.0,0.0,0.0,0.0,0.0,0.0,0.0,0.0,0.0,0
10871,99.5,96.5,36.8,93.5,64.5,51.5,14.0,0.0,0.0,0.0,0.0,0.0,0.0,0.0,0.0,0.0,0.0,0.0,0.0,0.0,0.0,0.0,0.0,0.0,0.0,0.0,0.0,0.0,0.0,0.0,0.0,0.0,0.0,0.0,0
10871,99.0,100.0,36.9,92.0,65.0,51.0,12.0,0.0,0.0,0.0,0.0,0.0,0.0,0.0,0.0,0.0,0.0,0.0,0.0,0.0,0.0,0.0,0.0,0.0,0.0,0.0,0.0,0.0,0.0,0.0,0.0,0.0,0.0,0.0,0
10871,101.5,100.0,37.0,110.0,77.5,61.5,18.0,0.0,0.0,0.0,0.0,0.0,0.0,0.0,0.0,0.0,0.0,0.0,0.0,0.0,0.0,0.0,0.0,0.0,0.0,0.0,0.0,0.0,0.0,0.0,0.0,0.0,0.0,0.0,0
10871,0.0,100.0,36.9,125.0,86.0,67.0,14.0,0.0,0.0,0.0,0.0,0.0,0.0,0.0,0.0,0.0,0.0,0.0,0.0,0.0,0.0,0.0,0.0,0.0,0.0,0.0,0.0,0.0,0.0,0.0,0.0,0.0,0.0,0.0,0
10871,103.0,100.0,37.0,96.0,66.0,50.0,15.0,0.0,0.0,0.0,0.0,0.0,0.0,0.0,0.0,0.0,0.0,0.0,0.0,0.0,0.0,0.0,0.0,0.0,0.0,0.0,0.0,0.0,0.0,0.0,0.0,0.0,0.0,0.0,0
10871,105.0,99.0,37.1,116.0,80.0,64.0,14.0,0.0,2.0,0.0,0.0,7.4,45.0,96.0,0.0,0.0,0.0,0.0,0.0,0.0,0.0,197.0,0.0,0.0,0.0,4.5,0.0,0.0,29.6,9.9,0.0,0.0,0.0,0.0,0
10871,0.0,0.0,37.2,96.0,66.0,52.0,17.0,0.0,0.0,0.0,0.0,0.0,0.0,0.0,0.0,0.0,0.0,0.0,0.0,0.0,0.0,0.0,0.0,0.0,0.0,0.0,0.0,0.0,0.0,0.0,0.0,0.0,0.0,0.0,0
10871,0.0,100.0,37.2,85.0,62.0,50.0,10.0,0.0,0.0,0.0,0.0,0.0,0.0,0.0,0.0,0.0,0.0,0.0,0.0,0.0,0.0,0.0,0.0,0.0,0.0,0.0,0.0,0.0,0.0,0.0,0.0,0.0,0.0,0.0,0
10871,102.0,99.0,37.3,93.0,68.0,55.0,25.0,0.0,0.0,0.0,0.0,0.0,0.0,0.0,0.0,0.0,0.0,0.0,0.0,0.0,0.0,0.0,0.0,0.0,0.0,0.0,0.0,0.0,0.0,0.0,0.0,0.0,0.0,0.0,0
10871,98.5,100.0,37.4,102.5,73.5,59.5,12.0,0.0,0.0,0.0,0.0,0.0,0.0,0.0,0.0,0.0,0.0,0.0,0.0,0.0,0.0,0.0,0.0,0.0,0.0,0.0,0.0,0.0,0.0,0.0,0.0,0.0,0.0,0.0,0
10871,106.0,100.0,37.4,119.0,80.0,63.0,13.0,0.0,0.0,0.0,0.0,0.0,0.0,0.0,0.0,0.0,0.0,0.0,0.0,0.0,0.0,0.0,0.0,0.0,0.0,0.0,0.0,0.0,0.0,0.0,0.0,0.0,0.0,0.0,0
10871,100.0,99.0,37.4,94.0,64.0,49.0,11.0,0.0,0.0,0.0,0.0,0.0,0.0,0.0,0.0,0.0,0.0,0.0,0.0,0.0,0.0,0.0,0.0,0.0,0.0,0.0,0.0,0.0,0.0,0.0,0.0,0.0,0.0,0.0,0
10871,98.0,100.0,37.0,92.0,62.0,48.0,10.0,0.0,0.0,0.0,0.0,0.0,0.0,0.0,0.0,0.0,0.0,0.0,0.0,0.0,0.0,0.0,0.0,0.0,0.0,0.0,0.0,0.0,0.0,0.0,0.0,0.0,0.0,0.0,0
10871,98.0,100.0,36.9,98.0,67.0,51.0,11.0,0.0,0.0,0.0,0.0,0.0,0.0,0.0,0.0,0.0,0.0,0.0,0.0,0.0,0.0,0.0,0.0,0.0,0.0,0.0,0.0,0.0,0.0,0.0,0.0,0.0,0.0,0.0,0
10871,98.0,99.0,36.8,103.0,68.0,52.0,11.0,0.0,0.0,0.0,0.0,0.0,0.0,0.0,0.0,0.0,0.0,0.0,0.0,0.0,0.0,0.0,0.0,0.0,0.0,0.0,0.0,0.0,0.0,0.0,0.0,0.0,0.0,0.0,0
10871,96.0,100.0,36.9,90.0,65.0,53.0,11.0,0.0,0.0,28.0,0.0,0.0,0.0,0.0,0.0,13.0,0.0,7.9,104.0,1.1,0.0,87.0,0.0,2.0,3.8,3.8,0.0,0.0,29.6,9.6,0.0,13.7,0.0,161.0,0
10871,98.0,100.0,36.9,95.0,67.0,53.0,10.0,0.0,4.0,0.0,0.0,7.37,55.0,98.0,0.0,0.0,0.0,0.0,0.0,0.0,0.0,0.0,0.0,0.0,0.0,0.0,0.0,0.0,0.0,0.0,0.0,0.0,0.0,0.0,0
10871,101.0,100.0,37.0,101.0,70.0,56.0,11.0,0.0,0.0,0.0,0.0,0.0,0.0,0.0,0.0,0.0,0.0,0.0,0.0,0.0,0.0,0.0,0.0,0.0,0.0,0.0,0.0,0.0,0.0,0.0,0.0,0.0,0.0,0.0,0
10871,101.5,100.0,37.0,102.0,69.0,54.0,11.5,0.0,0.0,0.0,0.0,0.0,0.0,0.0,0.0,0.0,0.0,0.0,0.0,0.0,0.0,0.0,0.0,0.0,0.0,0.0,0.0,0.0,0.0,0.0,0.0,0.0,0.0,0.0,0
10871,106.0,99.0,37.7,124.0,80.0,61.5,14.5,0.0,0.0,0.0,0.0,0.0,0.0,0.0,0.0,0.0,0.0,0.0,0.0,0.0,0.0,0.0,0.0,0.0,0.0,0.0,0.0,0.0,0.0,0.0,0.0,0.0,0.0,0.0,0
10871,104.0,100.0,37.6,102.0,72.0,58.0,12.0,0.0,0.0,0.0,0.0,0.0,0.0,0.0,0.0,0.0,0.0,0.0,0.0,0.0,0.0,0.0,0.0,0.0,0.0,0.0,0.0,0.0,0.0,0.0,0.0,0.0,0.0,0.0,0
10871,0.0,0.0,0.0,0.0,0.0,0.0,0.0,0.0,0.0,0.0,0.0,0.0,0.0,0.0,0.0,0.0,0.0,0.0,0.0,0.0,0.0,0.0,0.0,0.0,0.0,0.0,0.0,0.0,0.0,0.0,0.0,0.0,0.0,0.0,0
10871,101.0,100.0,37.3,97.0,65.0,50.0,9.0,0.0,0.0,0.0,0.0,0.0,0.0,0.0,0.0,0.0,0.0,0.0,0.0,0.0,0.0,0.0,0.0,0.0,0.0,0.0,0.0,0.0,0.0,0.0,0.0,0.0,0.0,0.0,0
10871,102.5,97.0,37.2,100.0,68.0,52.5,13.5,0.0,0.0,0.0,0.0,0.0,0.0,0.0,0.0,0.0,0.0,0.0,0.0,0.0,0.0,0.0,0.0,0.0,0.0,0.0,0.0,0.0,0.0,0.0,0.0,0.0,0.0,0.0,0
10871,107.0,0.0,37.2,100.0,71.0,57.0,16.0,0.0,0.0,0.0,0.0,0.0,0.0,0.0,0.0,0.0,0.0,0.0,0.0,0.0,0.0,0.0,0.0,0.0,0.0,0.0,0.0,0.0,0.0,0.0,0.0,0.0,0.0,0.0,0
10871,97.0,100.0,37.2,102.0,68.0,53.0,17.0,0.0,0.0,0.0,0.0,0.0,0.0,0.0,0.0,0.0,0.0,0.0,0.0,0.0,0.0,0.0,0.0,0.0,0.0,0.0,0.0,0.0,0.0,0.0,0.0,0.0,0.0,0.0,0
10871,0.0,100.0,37.4,102.0,69.0,55.0,14.0,0.0,0.0,0.0,0.0,0.0,0.0,0.0,0.0,0.0,0.0,0.0,0.0,0.0,0.0,0.0,0.0,0.0,0.0,0.0,0.0,0.0,0.0,0.0,0.0,0.0,0.0,0.0,0
10871,107.0,0.0,37.5,133.0,89.0,68.0,13.0,0.0,2.0,0.0,0.0,7.38,49.0,0.0,0.0,0.0,0.0,0.0,0.0,0.0,0.0,0.0,0.0,1.8,0.0,4.4,0.0,0.0,31.6,0.0,0.0,0.0,0.0,0.0,0
10871,103.5,99.5,37.6,100.0,67.0,52.0,12.0,0.0,0.0,0.0,0.0,0.0,0.0,72.0,0.0,0.0,0.0,0.0,0.0,0.0,0.0,0.0,0.0,0.0,0.0,0.0,0.0,0.0,0.0,0.0,0.0,0.0,0.0,0.0,0
10871,99.0,98.0,37.4,92.0,65.0,52.0,12.0,0.0,0.0,0.0,0.0,0.0,0.0,0.0,0.0,0.0,0.0,0.0,0.0,0.0,0.0,0.0,0.0,0.0,0.0,0.0,0.0,0.0,0.0,0.0,0.0,0.0,0.0,0.0,0
10871,98.0,99.0,37.3,92.0,59.33,58.0,13.0,0.0,0.0,0.0,0.0,0.0,0.0,0.0,0.0,0.0,0.0,0.0,0.0,0.0,0.0,0.0,0.0,0.0,0.0,0.0,0.0,0.0,0.0,0.0,0.0,0.0,0.0,0.0,0
10871,100.0,97.0,37.4,87.0,57.33,46.0,14.0,0.0,0.0,0.0,0.0,0.0,0.0,0.0,0.0,0.0,0.0,0.0,0.0,0.0,0.0,0.0,0.0,0.0,0.0,0.0,0.0,0.0,0.0,0.0,0.0,0.0,0.0,0.0,0
