11550,82.0,97.0,36.1,117.0,84.0,66.0,12.0,0.0,-1.5,24.0,1.0,7.34,44.0,0.0,0.0,16.0,0.0,0.0,110.0,0.7,0.0,123.0,2.95,0.0,0.0,4.3,0.0,0.0,38.9,13.1,40.3,16.3,242.0,172.0,0
11550,77.0,100.0,36.0,118.0,83.0,63.0,12.0,0.0,0.0,24.0,0.0,7.39,39.0,99.0,0.0,16.0,0.0,0.0,110.0,0.0,0.0,120.0,0.0,0.0,0.0,4.0,0.0,0.0,38.9,13.1,0.0,16.3,0.0,0.0,0
11550,65.5,100.0,36.4,115.75,80.5,60.75,12.0,0.0,0.0,0.0,0.6,7.39,0.0,99.0,0.0,0.0,0.0,0.0,0.0,0.0,0.0,0.0,0.0,0.0,0.0,0.0,0.0,0.0,0.0,0.0,0.0,0.0,0.0,0.0,0
11550,70.0,99.0,36.6,122.5,87.0,65.0,20.5,0.0,-3.0,0.0,0.5,7.32,44.0,97.0,0.0,0.0,0.0,0.0,0.0,0.0,0.0,180.0,0.0,0.0,0.0,4.1,0.0,0.0,0.0,0.0,0.0,0.0,0.0,0.0,0
11550,80.0,98.0,37.0,113.25,79.5,62.5,22.5,0.0,-3.0,0.0,0.0,7.32,0.0,97.0,0.0,0.0,0.0,0.0,0.0,0.0,0.0,0.0,0.0,0.0,0.0,0.0,0.0,0.0,0.0,0.0,0.0,0.0,0.0,0.0,0
11550,80.0,97.5,37.2,115.0,76.0,62.0,22.0,0.0,0.0,0.0,0.6,0.0,0.0,0.0,0.0,0.0,0.0,0.0,0.0,0.0,0.0,159.0,0.0,0.0,0.0,0.0,0.0,0.0,0.0,0.0,0.0,0.0,0.0,0.0,0
11550,83.5,90.5,37.4,110.25,76.5,62.25,23.0,0.0,0.0,0.0,0.7,0.0,0.0,0.0,0.0,0.0,0.0,0.0,0.0,0.0,0.0,0.0,0.0,0.0,0.0,0.0,0.0,0.0,0.0,0.0,0.0,0.0,0.0,0.0,0
11550,85.0,94.0,37.5,120.5,84.0,66.5,22.0,0.0,0.0,0.0,0.0,0.0,0.0,0.0,0.0,0.0,0.0,0.0,0.0,0.0,0.0,0.0,0.0,0.0,0.0,0.0,0.0,0.0,0.0,0.0,0.0,0.0,0.0,0.0,0
11550,86.0,95.0,37.7,121.5,87.0,70.5,20.0,0.0,0.0,0.0,0.0,7.36,0.0,0.0,0.0,0.0,0.0,0.0,0.0,0.0,0.0,0.0,0.0,0.0,0.0,4.3,0.0,0.0,38.7,0.0,0.0,0.0,0.0,0.0,0
11550,89.0,94.0,37.9,120.5,86.0,74.0,21.0,0.0,0.0,0.0,0.0,7.36,0.0,0.0,0.0,0.0,0.0,0.0,0.0,0.0,0.0,0.0,0.0,0.0,0.0,0.0,0.0,0.0,38.7,0.0,0.0,0.0,0.0,0.0,0
11550,101.0,94.0,37.7,121.5,91.0,82.0,23.0,0.0,0.0,0.0,0.7,0.0,0.0,0.0,0.0,0.0,0.0,0.0,0.0,0.0,0.0,0.0,0.0,0.0,0.0,0.0,0.0,0.0,0.0,0.0,0.0,0.0,0.0,0.0,0
11550,79.5,94.0,37.7,131.25,89.5,71.5,20.0,0.0,0.0,0.0,0.0,0.0,0.0,0.0,0.0,0.0,0.0,0.0,0.0,0.0,0.0,0.0,0.0,0.0,0.0,0.0,0.0,0.0,0.0,0.0,0.0,0.0,0.0,0.0,0
11550,88.0,92.0,37.9,108.5,81.0,73.5,24.0,0.0,0.0,0.0,0.0,0.0,0.0,0.0,0.0,0.0,0.0,0.0,0.0,0.0,0.0,0.0,0.0,0.0,0.0,0.0,0.0,0.0,0.0,0.0,0.0,0.0,0.0,0.0,0
11550,78.0,94.0,37.8,111.0,77.0,66.5,22.0,0.0,0.0,22.0,0.0,7.37,0.0,0.0,0.0,15.0,0.0,0.0,105.0,0.8,0.0,105.0,0.0,2.2,0.0,4.9,0.0,0.0,39.7,13.3,0.0,16.4,0.0,191.0,0
11550,75.0,92.0,37.8,113.0,79.0,65.0,20.0,0.0,0.0,22.0,0.7,7.37,0.0,0.0,0.0,15.0,0.0,0.0,105.0,0.0,0.0,0.0,0.0,2.2,0.0,4.9,0.0,0.0,39.7,13.3,0.0,16.4,0.0,0.0,0
11550,80.0,93.0,37.9,127.5,88.0,69.0,24.0,0.0,0.0,0.0,0.0,0.0,0.0,0.0,0.0,0.0,0.0,0.0,0.0,0.0,0.0,0.0,0.0,0.0,0.0,0.0,0.0,0.0,0.0,0.0,0.0,0.0,0.0,0.0,0
11550,83.0,93.0,37.8,130.0,84.0,65.0,22.0,0.0,0.0,0.0,0.0,0.0,0.0,0.0,0.0,0.0,0.0,0.0,0.0,0.0,0.0,0.0,0.0,0.0,0.0,0.0,0.0,0.0,0.0,0.0,0.0,0.0,0.0,0.0,0
11550,82.0,92.0,37.6,135.0,88.0,67.0,21.0,0.0,0.0,0.0,0.7,0.0,0.0,0.0,0.0,0.0,0.0,0.0,0.0,0.0,0.0,0.0,0.0,0.0,0.0,0.0,0.0,0.0,0.0,0.0,0.0,0.0,0.0,0.0,0
11550,83.0,92.5,37.5,135.0,87.0,67.0,19.0,0.0,0.0,0.0,1.0,7.38,0.0,0.0,0.0,0.0,0.0,0.0,0.0,0.0,0.0,106.0,0.0,0.0,0.0,4.5,0.0,0.0,0.0,0.0,0.0,0.0,0.0,0.0,0
11550,81.0,94.5,0.0,135.0,89.0,69.0,17.0,0.0,0.0,0.0,0.0,7.38,0.0,0.0,0.0,0.0,0.0,0.0,0.0,0.0,0.0,0.0,0.0,0.0,0.0,0.0,0.0,0.0,0.0,0.0,0.0,0.0,0.0,0.0,0
11550,85.0,95.0,0.0,125.5,85.0,63.0,21.5,0.0,0.0,0.0,0.65,0.0,0.0,0.0,0.0,0.0,0.0,0.0,0.0,0.0,0.0,0.0,0.0,0.0,0.0,0.0,0.0,0.0,0.0,0.0,0.0,0.0,0.0,0.0,0
11550,69.0,94.0,0.0,126.5,84.0,72.0,23.0,0.0,0.0,0.0,0.0,7.38,0.0,97.0,0.0,0.0,0.0,0.0,0.0,0.0,0.0,146.0,0.0,0.0,0.0,4.7,0.0,0.0,0.0,0.0,0.0,0.0,0.0,0.0,0
11550,71.0,95.0,0.0,138.0,90.0,0.0,16.0,0.0,0.0,0.0,0.0,7.38,0.0,97.0,0.0,0.0,0.0,0.0,0.0,0.0,0.0,0.0,0.0,0.0,0.0,0.0,0.0,0.0,0.0,0.0,0.0,0.0,0.0,0.0,0
11550,67.0,95.0,0.0,138.0,72.0,0.0,19.0,0.0,0.0,0.0,0.0,0.0,0.0,0.0,0.0,0.0,0.0,0.0,0.0,0.0,0.0,0.0,0.0,0.0,0.0,0.0,0.0,0.0,0.0,0.0,0.0,0.0,0.0,0.0,0
