12028,0.0,0.0,0.0,0.0,0.0,0.0,0.0,0.0,0.0,0.0,0.0,0.0,0.0,0.0,0.0,0.0,0.0,0.0,0.0,0.0,0.0,0.0,0.0,0.0,0.0,0.0,0.0,0.0,0.0,0.0,0.0,0.0,0.0,0.0,0
12028,111.0,100.0,0.0,109.0,89.67,0.0,14.0,0.0,0.0,0.0,0.0,0.0,0.0,0.0,0.0,0.0,0.0,0.0,0.0,0.0,0.0,0.0,0.0,0.0,0.0,0.0,0.0,0.0,17.8,0.0,0.0,0.0,0.0,0.0,0
12028,89.0,100.0,36.11,92.5,67.83,0.0,19.0,0.0,0.0,0.0,0.0,0.0,0.0,0.0,0.0,0.0,0.0,0.0,0.0,0.0,0.0,0.0,0.0,0.0,0.0,0.0,0.0,0.0,0.0,0.0,0.0,0.0,0.0,0.0,0
12028,88.0,100.0,0.0,119.5,99.17,0.0,15.5,0.0,0.0,20.0,1.0,0.0,0.0,0.0,0.0,0.0,0.0,0.0,100.0,0.0,0.0,0.0,0.0,0.0,0.0,5.3,0.0,0.0,23.8,0.0,38.4,0.0,0.0,51.0,0
12028,84.0,99.0,0.0,98.0,76.0,0.0,12.0,0.0,0.0,0.0,0.0,7.28,0.0,0.0,0.0,0.0,0.0,0.0,0.0,0.0,0.0,0.0,0.0,0.0,0.0,0.0,0.0,0.0,0.0,0.0,0.0,0.0,0.0,0.0,0
12028,100.0,100.0,36.28,125.0,94.33,0.0,13.0,0.0,0.0,0.0,0.0,0.0,0.0,0.0,0.0,0.0,0.0,0.0,0.0,0.0,0.0,0.0,0.0,0.0,0.0,0.0,0.0,0.0,0.0,0.0,0.0,0.0,0.0,0.0,0
12028,92.0,100.0,0.0,107.0,81.67,0.0,0.0,0.0,0.0,0.0,0.0,0.0,0.0,0.0,0.0,0.0,0.0,0.0,0.0,0.0,0.0,0.0,0.0,0.0,0.0,0.0,0.0,0.0,0.0,0.0,0.0,0.0,0.0,0.0,0
12028,87.0,100.0,0.0,107.0,86.33,0.0,12.0,0.0,0.0,21.0,0.0,0.0,0.0,0.0,0.0,11.0,0.0,0.0,102.0,0.8,0.0,351.0,0.0,0.0,0.0,4.4,0.0,0.0,29.9,10.5,39.8,10.7,0.0,48.0,0
12028,73.0,100.0,34.39,129.0,99.67,0.0,12.0,0.0,0.0,0.0,1.0,0.0,0.0,0.0,0.0,0.0,0.0,0.0,0.0,0.0,0.0,0.0,0.0,0.0,0.0,0.0,0.0,0.0,0.0,0.0,0.0,0.0,0.0,0.0,0
12028,71.0,100.0,34.5,119.0,93.67,0.0,12.0,0.0,0.0,0.0,0.0,0.0,0.0,0.0,0.0,0.0,0.0,0.0,0.0,0.0,0.0,372.0,0.0,0.0,0.0,0.0,0.0,0.0,0.0,0.0,0.0,0.0,0.0,0.0,1
12028,74.0,100.0,34.83,104.0,80.67,0.0,12.0,0.0,0.0,26.0,0.0,0.0,0.0,0.0,0.0,12.0,0.0,0.0,104.0,0.7,0.0,366.0,0.0,0.0,0.0,3.6,0.0,0.0,30.4,10.1,39.0,10.3,0.0,45.0,1
12028,78.0,100.0,0.0,94.0,70.67,0.0,12.0,0.0,0.0,0.0,1.0,7.31,0.0,0.0,0.0,0.0,0.0,0.0,0.0,0.0,0.0,287.0,0.0,0.0,0.0,0.0,0.0,0.0,0.0,0.0,0.0,0.0,0.0,0.0,1
12028,89.0,100.0,36.39,102.0,72.0,0.0,12.0,0.0,0.0,0.0,0.0,0.0,0.0,0.0,0.0,0.0,0.0,0.0,0.0,0.0,0.0,0.0,0.0,0.0,0.0,0.0,0.0,0.0,0.0,0.0,0.0,0.0,0.0,0.0,1
12028,85.0,99.0,36.94,96.0,69.33,0.0,15.0,0.0,0.0,0.0,0.0,0.0,0.0,0.0,0.0,0.0,0.0,0.0,0.0,0.0,0.0,187.0,0.0,0.0,0.0,0.0,0.0,0.0,0.0,0.0,0.0,0.0,0.0,0.0,1
12028,88.0,100.0,0.0,99.0,69.67,0.0,15.0,0.0,0.0,0.0,0.0,0.0,0.0,0.0,0.0,0.0,0.0,0.0,0.0,0.0,0.0,128.0,0.0,0.0,0.0,0.0,0.0,0.0,0.0,0.0,0.0,0.0,0.0,0.0,1
12028,85.0,100.0,37.11,104.0,73.33,0.0,14.0,0.0,0.0,0.0,1.0,0.0,0.0,0.0,0.0,0.0,0.0,0.0,0.0,0.0,0.0,0.0,0.0,0.0,0.0,0.0,0.0,0.0,28.1,9.5,36.7,11.6,0.0,45.0,1
12028,78.0,100.0,0.0,94.0,69.33,0.0,12.0,0.0,2.0,27.0,0.9,7.41,42.0,0.0,74.0,13.0,75.0,8.6,104.0,0.6,0.0,58.0,2.7,1.3,3.0,3.5,3.3,0.0,0.0,0.0,0.0,0.0,0.0,0.0,1
12028,74.5,99.5,0.0,86.5,66.17,0.0,12.0,0.0,0.0,0.0,0.6,0.0,0.0,0.0,0.0,0.0,0.0,0.0,0.0,0.0,0.0,66.0,0.0,0.0,0.0,0.0,0.0,0.0,0.0,0.0,0.0,0.0,0.0,0.0,1
12028,73.0,100.0,0.0,81.0,61.0,0.0,0.0,0.0,0.0,0.0,0.0,0.0,0.0,0.0,0.0,0.0,0.0,0.0,0.0,0.0,0.0,75.0,0.0,0.0,0.0,0.0,0.0,0.0,26.9,0.0,0.0,0.0,0.0,0.0,1
