12251,79.5,100.0,0.0,113.0,85.0,73.0,14.0,0.0,1.0,23.0,0.0,7.47,0.0,0.0,0.0,9.0,0.0,0.0,111.0,0.0,0.0,0.0,0.0,0.0,0.0,3.9,0.0,0.0,25.6,9.1,0.0,13.3,0.0,0.0,0
12251,77.0,100.0,0.0,94.0,70.0,60.0,14.0,0.0,-2.0,0.0,0.7,7.34,42.0,98.0,0.0,0.0,0.0,0.0,0.0,0.0,0.0,216.0,2.3,2.8,0.0,0.0,0.0,0.0,23.6,8.0,45.8,11.5,213.0,276.0,0
12251,87.0,100.0,0.0,94.5,69.5,58.5,14.5,0.0,-2.0,0.0,0.5,7.34,0.0,98.0,0.0,0.0,0.0,0.0,0.0,0.0,0.0,0.0,2.3,2.8,0.0,0.0,0.0,0.0,23.6,8.0,0.0,11.5,213.0,0.0,0
12251,87.0,100.0,0.0,110.0,83.5,69.5,14.0,0.0,0.0,0.0,0.0,0.0,0.0,0.0,0.0,0.0,0.0,0.0,0.0,0.0,0.0,0.0,0.0,0.0,0.0,0.0,0.0,0.0,0.0,0.0,0.0,0.0,0.0,0.0,0
12251,87.0,100.0,0.0,104.5,80.0,67.0,15.0,0.0,0.0,0.0,0.0,0.0,0.0,0.0,0.0,0.0,0.0,0.0,0.0,0.0,0.0,0.0,0.0,0.0,0.0,0.0,0.0,0.0,0.0,0.0,0.0,0.0,0.0,0.0,0
12251,87.0,100.0,0.0,103.0,79.5,67.5,14.0,0.0,0.0,0.0,0.0,0.0,0.0,0.0,0.0,0.0,0.0,0.0,0.0,0.0,0.0,0.0,0.0,0.0,0.0,0.0,0.0,0.0,0.0,0.0,0.0,0.0,0.0,0.0,0
12251,87.0,100.0,0.0,110.0,86.0,73.0,14.0,0.0,-1.0,0.0,0.5,7.39,38.0,99.0,0.0,0.0,0.0,0.0,0.0,0.0,0.0,0.0,2.1,0.0,0.0,0.0,0.0,0.0,30.8,10.7,31.5,10.6,244.0,281.0,0
12251,73.0,100.0,0.0,100.0,76.0,63.0,14.0,0.0,-1.0,0.0,0.0,7.39,0.0,99.0,0.0,0.0,0.0,0.0,0.0,0.0,0.0,0.0,2.1,0.0,0.0,0.0,0.0,0.0,30.8,10.7,0.0,10.6,244.0,0.0,0
12251,78.0,100.0,0.0,105.0,82.0,70.0,14.0,0.0,0.0,0.0,0.0,0.0,0.0,0.0,0.0,0.0,0.0,0.0,0.0,0.0,0.0,0.0,0.0,0.0,0.0,0.0,0.0,0.0,0.0,0.0,0.0,0.0,0.0,0.0,0
12251,77.0,100.0,0.0,104.0,82.0,69.0,14.0,0.0,-1.0,0.0,0.0,7.39,38.0,98.0,0.0,0.0,0.0,0.0,0.0,0.0,0.0,98.0,0.0,0.0,0.0,0.0,0.0,0.0,0.0,0.0,0.0,0.0,0.0,0.0,0
12251,77.0,100.0,0.0,113.0,86.0,70.0,15.5,0.0,-1.0,0.0,0.5,7.39,0.0,98.0,0.0,0.0,0.0,0.0,0.0,0.0,0.0,0.0,0.0,0.0,0.0,0.0,0.0,0.0,0.0,0.0,0.0,0.0,0.0,0.0,0
12251,78.0,100.0,0.0,95.0,73.0,59.0,14.0,0.0,0.0,0.0,0.0,0.0,0.0,0.0,0.0,0.0,0.0,0.0,0.0,0.0,0.0,0.0,0.0,0.0,0.0,0.0,0.0,0.0,0.0,0.0,0.0,0.0,0.0,0.0,0
12251,76.0,100.0,0.0,107.0,82.0,65.0,14.0,0.0,0.0,23.0,0.0,0.0,0.0,0.0,0.0,10.0,0.0,0.0,106.0,0.8,0.0,97.0,0.0,2.2,0.0,4.2,0.0,0.0,32.7,11.5,0.0,9.6,0.0,215.0,0
12251,73.0,100.0,0.0,109.0,82.0,66.0,14.0,0.0,0.0,23.0,0.0,0.0,0.0,0.0,0.0,10.0,0.0,0.0,106.0,0.0,0.0,0.0,0.0,2.2,0.0,4.2,0.0,0.0,32.7,11.5,0.0,9.6,0.0,0.0,0
12251,76.0,100.0,0.0,108.0,84.0,69.0,14.0,0.0,0.0,0.0,0.5,7.36,0.0,63.0,0.0,0.0,0.0,0.0,0.0,0.0,0.0,82.0,0.0,0.0,0.0,0.0,0.0,0.0,0.0,0.0,0.0,0.0,0.0,0.0,0
12251,74.0,100.0,0.0,111.0,87.0,72.0,13.0,0.0,0.0,0.0,0.0,0.0,0.0,0.0,0.0,0.0,0.0,0.0,0.0,0.0,0.0,0.0,0.0,0.0,0.0,0.0,0.0,0.0,0.0,0.0,0.0,0.0,0.0,0.0,0
12251,79.0,100.0,0.0,109.0,84.0,68.0,13.0,0.0,-1.0,0.0,0.0,7.37,41.0,98.0,0.0,0.0,0.0,0.0,0.0,0.0,0.0,0.0,0.0,0.0,0.0,0.0,0.0,0.0,0.0,0.0,0.0,0.0,0.0,0.0,0
12251,82.0,97.0,0.0,110.0,85.0,69.0,16.0,0.0,-1.0,0.0,0.0,7.37,0.0,98.0,0.0,0.0,0.0,0.0,0.0,0.0,0.0,0.0,0.0,0.0,0.0,0.0,0.0,0.0,0.0,0.0,0.0,0.0,0.0,0.0,0
12251,83.0,97.0,0.0,106.0,83.0,67.0,18.0,0.0,0.0,0.0,0.0,0.0,0.0,0.0,0.0,0.0,0.0,0.0,0.0,0.0,0.0,0.0,0.0,0.0,0.0,0.0,0.0,0.0,0.0,0.0,0.0,0.0,0.0,0.0,0
12251,83.0,97.0,0.0,112.0,89.0,73.0,20.0,0.0,0.0,0.0,0.0,0.0,0.0,0.0,0.0,0.0,0.0,0.0,0.0,0.0,0.0,0.0,0.0,0.0,0.0,0.0,0.0,0.0,0.0,0.0,0.0,0.0,0.0,0.0,0
12251,78.0,98.0,0.0,135.0,112.0,96.0,16.0,0.0,0.0,0.0,0.0,0.0,0.0,0.0,0.0,0.0,0.0,0.0,0.0,0.0,0.0,0.0,0.0,0.0,0.0,0.0,0.0,0.0,0.0,0.0,0.0,0.0,0.0,0.0,0
12251,70.0,98.0,0.0,118.0,99.0,85.0,16.0,0.0,0.0,0.0,0.0,0.0,0.0,0.0,0.0,0.0,0.0,0.0,0.0,0.0,0.0,138.0,0.0,0.0,0.0,0.0,0.0,0.0,0.0,0.0,0.0,0.0,0.0,0.0,0
12251,69.0,97.0,35.83,0.0,72.0,0.0,14.0,0.0,0.0,0.0,0.0,0.0,0.0,0.0,0.0,0.0,0.0,0.0,0.0,0.0,0.0,0.0,0.0,0.0,0.0,0.0,0.0,0.0,0.0,0.0,0.0,0.0,0.0,0.0,0
12251,65.0,97.0,0.0,0.0,82.0,0.0,17.0,0.0,0.0,0.0,0.0,0.0,0.0,0.0,0.0,0.0,0.0,0.0,0.0,0.0,0.0,0.0,0.0,0.0,0.0,0.0,0.0,0.0,0.0,0.0,0.0,0.0,0.0,0.0,0
12251,70.0,97.0,0.0,0.0,82.0,0.0,13.0,0.0,0.0,0.0,0.0,0.0,0.0,0.0,0.0,0.0,0.0,0.0,0.0,0.0,0.0,0.0,0.0,0.0,0.0,0.0,0.0,0.0,0.0,0.0,0.0,0.0,0.0,0.0,0
12251,68.0,98.0,0.0,0.0,81.0,0.0,15.0,0.0,0.0,0.0,0.0,0.0,0.0,0.0,0.0,0.0,0.0,0.0,0.0,0.0,0.0,0.0,0.0,0.0,0.0,0.0,0.0,0.0,0.0,0.0,0.0,0.0,0.0,0.0,0
12251,65.0,97.0,36.28,0.0,78.0,0.0,15.0,0.0,0.0,0.0,0.0,0.0,0.0,0.0,0.0,0.0,0.0,0.0,0.0,0.0,0.0,0.0,0.0,0.0,0.0,0.0,0.0,0.0,0.0,0.0,0.0,0.0,0.0,0.0,0
12251,71.0,95.0,0.0,0.0,69.0,0.0,17.0,0.0,0.0,0.0,0.0,0.0,0.0,0.0,0.0,0.0,0.0,0.0,0.0,0.0,0.0,0.0,0.0,0.0,0.0,0.0,0.0,0.0,0.0,0.0,0.0,0.0,0.0,0.0,0
12251,62.0,94.0,0.0,0.0,60.0,0.0,14.5,0.0,0.0,0.0,0.0,0.0,0.0,0.0,0.0,0.0,0.0,0.0,0.0,0.0,0.0,0.0,0.0,0.0,0.0,0.0,0.0,0.0,0.0,0.0,0.0,0.0,0.0,0.0,0
12251,80.0,81.0,0.0,0.0,69.0,0.0,13.5,0.0,0.0,0.0,0.0,0.0,0.0,0.0,0.0,0.0,0.0,0.0,0.0,0.0,0.0,0.0,0.0,0.0,0.0,0.0,0.0,0.0,0.0,0.0,0.0,0.0,0.0,0.0,0
12251,80.0,92.0,36.44,0.0,78.0,0.0,18.0,0.0,0.0,0.0,0.0,0.0,0.0,0.0,0.0,0.0,0.0,0.0,0.0,0.0,0.0,0.0,0.0,0.0,0.0,0.0,0.0,0.0,0.0,0.0,0.0,0.0,0.0,0.0,0
12251,80.0,93.0,0.0,0.0,82.0,0.0,12.0,0.0,0.0,0.0,0.0,0.0,0.0,0.0,0.0,0.0,0.0,0.0,0.0,0.0,0.0,0.0,0.0,0.0,0.0,0.0,0.0,0.0,0.0,0.0,0.0,0.0,0.0,0.0,0
12251,80.0,93.0,0.0,0.0,64.5,0.0,19.0,0.0,0.0,0.0,0.0,0.0,0.0,0.0,0.0,0.0,0.0,0.0,0.0,0.0,0.0,0.0,0.0,0.0,0.0,0.0,0.0,0.0,0.0,0.0,0.0,0.0,0.0,0.0,0
12251,80.0,96.0,0.0,0.0,72.0,0.0,19.0,0.0,0.0,0.0,0.0,0.0,0.0,0.0,0.0,0.0,0.0,0.0,0.0,0.0,0.0,0.0,0.0,0.0,0.0,0.0,0.0,0.0,0.0,0.0,0.0,0.0,0.0,0.0,0
12251,80.0,94.0,37.11,0.0,74.0,0.0,11.0,0.0,0.0,0.0,0.0,0.0,0.0,0.0,0.0,0.0,0.0,0.0,0.0,0.0,0.0,0.0,0.0,0.0,0.0,0.0,0.0,0.0,0.0,0.0,0.0,0.0,0.0,0.0,0
12251,80.0,97.0,0.0,0.0,81.0,0.0,9.0,0.0,0.0,27.0,0.0,0.0,0.0,0.0,0.0,18.0,0.0,9.1,106.0,0.9,0.0,96.0,0.0,2.1,3.2,4.5,0.0,0.0,31.6,10.9,0.0,13.6,0.0,166.0,0
12251,80.0,96.0,0.0,0.0,56.0,0.0,10.0,0.0,0.0,27.0,0.0,0.0,0.0,0.0,0.0,18.0,0.0,0.0,106.0,0.0,0.0,0.0,0.0,2.1,0.0,4.5,0.0,0.0,31.6,10.9,0.0,13.6,0.0,0.0,0
12251,70.5,94.5,0.0,0.0,77.0,0.0,15.5,0.0,0.0,0.0,0.0,0.0,0.0,0.0,0.0,0.0,0.0,0.0,0.0,0.0,0.0,0.0,0.0,0.0,0.0,0.0,0.0,0.0,0.0,0.0,0.0,0.0,0.0,0.0,0
12251,72.0,95.0,36.02,0.0,69.0,0.0,12.0,0.0,0.0,0.0,0.0,0.0,0.0,0.0,0.0,0.0,0.0,0.0,0.0,0.0,0.0,0.0,0.0,0.0,0.0,0.0,0.0,0.0,0.0,0.0,0.0,0.0,0.0,0.0,0
12251,64.0,95.0,0.0,0.0,76.0,0.0,11.0,0.0,0.0,0.0,0.0,0.0,0.0,0.0,0.0,0.0,0.0,0.0,0.0,0.0,0.0,0.0,0.0,0.0,0.0,0.0,0.0,0.0,0.0,0.0,0.0,0.0,0.0,0.0,0
12251,80.0,100.0,0.0,0.0,85.0,0.0,25.0,0.0,0.0,0.0,0.0,0.0,0.0,0.0,0.0,0.0,0.0,0.0,0.0,0.0,0.0,0.0,0.0,0.0,0.0,0.0,0.0,0.0,0.0,0.0,0.0,0.0,0.0,0.0,0
12251,74.0,96.0,0.0,0.0,76.0,0.0,22.0,0.0,0.0,0.0,0.0,0.0,0.0,0.0,0.0,0.0,0.0,0.0,0.0,0.0,0.0,0.0,0.0,0.0,0.0,0.0,0.0,0.0,0.0,0.0,0.0,0.0,0.0,0.0,0
12251,74.0,96.0,36.39,0.0,80.0,0.0,18.0,0.0,0.0,0.0,0.0,0.0,0.0,0.0,0.0,0.0,0.0,0.0,0.0,0.0,0.0,0.0,0.0,0.0,0.0,0.0,0.0,0.0,0.0,0.0,0.0,0.0,0.0,0.0,0
12251,71.0,95.0,0.0,0.0,83.0,0.0,15.0,0.0,0.0,0.0,0.0,0.0,0.0,0.0,0.0,0.0,0.0,0.0,0.0,0.0,0.0,0.0,0.0,0.0,0.0,0.0,0.0,0.0,0.0,0.0,0.0,0.0,0.0,0.0,0
12251,73.0,96.0,0.0,0.0,82.0,0.0,19.0,0.0,0.0,0.0,0.0,0.0,0.0,0.0,0.0,0.0,0.0,0.0,0.0,0.0,0.0,0.0,0.0,0.0,0.0,0.0,0.0,0.0,0.0,0.0,0.0,0.0,0.0,0.0,0
