12423,91.0,100.0,35.5,159.0,95.0,72.0,15.0,0.0,-3.0,19.0,0.0,7.3,46.0,0.0,0.0,16.0,0.0,8.2,111.0,0.8,0.0,258.0,3.2,1.4,5.3,4.2,0.0,0.0,25.7,8.9,35.0,25.5,0.0,121.0,0
12423,115.0,100.0,35.78,146.0,96.0,78.0,14.0,0.0,-3.0,19.0,0.5,7.3,47.0,0.0,0.0,16.0,0.0,0.0,111.0,0.0,0.0,0.0,3.15,1.4,0.0,4.2,0.0,0.0,25.15,8.9,36.7,25.5,0.0,0.0,0
12423,112.0,100.0,0.0,91.0,67.5,57.5,12.5,0.0,-3.0,0.0,0.0,7.3,0.0,0.0,0.0,0.0,0.0,0.0,0.0,0.0,0.0,0.0,3.1,0.0,0.0,0.0,0.0,0.0,24.6,0.0,0.0,0.0,0.0,0.0,0
12423,100.0,100.0,35.89,92.0,67.5,57.5,14.0,0.0,0.0,22.0,0.35,0.0,0.0,0.0,44.0,19.0,44.0,8.1,110.0,1.0,0.0,288.0,0.0,3.5,4.8,5.1,1.2,0.0,24.9,8.9,34.3,20.4,0.0,107.0,0
12423,106.0,100.0,0.0,83.0,63.0,55.0,11.0,0.0,-3.0,22.0,0.0,7.33,42.0,0.0,44.0,19.0,44.0,0.0,110.0,0.0,0.0,0.0,2.8,3.5,0.0,5.1,0.0,0.0,24.9,8.9,0.0,20.4,0.0,0.0,0
12423,98.0,100.0,36.72,108.0,77.0,64.0,12.0,0.0,-3.0,0.0,0.35,7.33,0.0,0.0,0.0,0.0,0.0,0.0,0.0,0.0,0.0,0.0,2.8,0.0,0.0,0.0,0.0,0.0,0.0,0.0,0.0,0.0,0.0,0.0,0
12423,98.0,100.0,0.0,133.0,90.0,71.0,10.0,0.0,0.0,0.0,0.0,0.0,0.0,0.0,0.0,0.0,0.0,0.0,0.0,0.0,0.0,0.0,0.0,0.0,0.0,0.0,0.0,0.0,0.0,0.0,0.0,0.0,0.0,0.0,0
12423,102.0,100.0,0.0,122.0,86.0,71.0,17.0,0.0,0.0,0.0,0.0,7.37,42.0,0.0,0.0,0.0,0.0,0.0,0.0,0.0,0.0,0.0,2.1,0.0,0.0,0.0,0.0,0.0,24.4,8.7,31.5,17.8,214.0,132.0,0
12423,104.0,100.0,0.0,113.0,81.0,67.0,17.0,0.0,0.0,0.0,0.0,7.37,0.0,0.0,0.0,0.0,0.0,0.0,0.0,0.0,0.0,0.0,2.1,0.0,0.0,0.0,0.0,0.0,24.4,8.7,0.0,17.8,214.0,0.0,0
12423,108.0,96.0,37.33,107.0,77.0,66.0,15.0,0.0,0.0,0.0,0.0,0.0,0.0,0.0,0.0,0.0,0.0,0.0,0.0,0.0,0.0,0.0,0.0,0.0,0.0,0.0,0.0,0.0,0.0,0.0,0.0,0.0,0.0,0.0,0
12423,113.0,100.0,37.56,95.0,70.0,60.0,15.0,0.0,0.0,0.0,0.0,0.0,0.0,0.0,0.0,0.0,0.0,0.0,0.0,0.0,0.0,0.0,0.0,0.0,0.0,0.0,0.0,0.0,0.0,0.0,0.0,0.0,0.0,0.0,0
12423,107.0,100.0,0.0,106.0,71.0,58.0,17.0,0.0,0.0,24.0,0.35,7.38,42.0,0.0,0.0,21.0,0.0,8.0,111.0,1.0,0.0,67.0,1.3,2.0,3.1,4.4,0.0,0.0,21.3,7.3,35.5,17.0,0.0,136.0,0
12423,103.0,100.0,37.39,123.0,75.0,58.0,14.0,0.0,0.0,24.0,0.0,7.38,0.0,0.0,0.0,21.0,0.0,0.0,111.0,0.0,0.0,0.0,1.3,2.0,0.0,4.4,0.0,0.0,21.3,7.3,0.0,17.0,0.0,0.0,0
12423,105.0,100.0,0.0,125.0,75.0,58.0,14.0,0.0,0.0,0.0,0.35,0.0,0.0,0.0,0.0,0.0,0.0,0.0,0.0,0.0,0.0,0.0,0.0,0.0,0.0,0.0,0.0,0.0,0.0,0.0,0.0,0.0,0.0,0.0,0
12423,103.0,100.0,37.39,122.0,75.0,58.0,14.0,0.0,0.0,0.0,0.0,0.0,0.0,0.0,0.0,0.0,0.0,0.0,0.0,0.0,0.0,0.0,0.0,0.0,0.0,0.0,0.0,0.0,0.0,0.0,0.0,0.0,0.0,0.0,0
12423,90.0,100.0,0.0,161.0,90.0,65.0,14.0,0.0,0.0,0.0,0.0,7.38,40.0,0.0,0.0,0.0,0.0,0.0,0.0,0.0,0.0,0.0,0.0,0.0,0.0,0.0,0.0,0.0,23.5,0.0,34.9,0.0,0.0,0.0,0
12423,98.0,99.0,0.0,155.0,87.0,63.0,15.0,0.0,0.0,0.0,0.0,7.38,0.0,0.0,0.0,0.0,0.0,0.0,0.0,0.0,0.0,0.0,0.0,0.0,0.0,0.0,0.0,0.0,23.5,0.0,0.0,0.0,0.0,0.0,0
12423,102.0,98.0,0.0,156.0,89.0,65.0,15.0,0.0,0.0,0.0,0.0,0.0,0.0,0.0,0.0,0.0,0.0,0.0,0.0,0.0,0.0,0.0,0.0,0.0,0.0,0.0,0.0,0.0,0.0,0.0,0.0,0.0,0.0,0.0,0
12423,104.0,99.0,37.56,148.0,87.0,65.0,14.0,0.0,0.0,0.0,0.35,0.0,0.0,0.0,0.0,0.0,0.0,0.0,0.0,0.0,0.0,0.0,0.0,0.0,0.0,0.0,0.0,0.0,0.0,0.0,0.0,0.0,0.0,0.0,0
12423,104.0,100.0,0.0,147.0,89.0,67.0,15.0,0.0,0.0,0.0,0.0,0.0,0.0,0.0,0.0,0.0,0.0,0.0,0.0,0.0,0.0,0.0,0.0,0.0,0.0,0.0,0.0,0.0,0.0,0.0,0.0,0.0,0.0,0.0,0
12423,105.0,99.0,0.0,135.0,88.0,69.0,15.0,0.0,0.0,0.0,0.0,0.0,0.0,0.0,0.0,0.0,0.0,0.0,0.0,0.0,0.0,0.0,0.0,0.0,0.0,0.0,0.0,0.0,22.5,0.0,0.0,0.0,0.0,0.0,0
12423,100.5,100.0,0.0,152.5,92.0,68.5,16.25,0.0,0.0,0.0,0.35,0.0,0.0,0.0,0.0,0.0,0.0,0.0,0.0,0.0,0.0,0.0,0.0,0.0,0.0,0.0,0.0,0.0,22.5,0.0,34.6,0.0,0.0,0.0,0
12423,108.0,99.0,37.61,138.0,84.0,64.0,14.0,0.0,0.0,0.0,0.35,0.0,0.0,0.0,0.0,0.0,0.0,0.0,0.0,0.0,0.0,0.0,0.0,0.0,0.0,0.0,0.0,0.0,0.0,0.0,0.0,0.0,0.0,0.0,0
12423,109.0,98.0,37.97,134.5,83.0,63.5,13.5,0.0,0.0,0.0,0.0,0.0,0.0,0.0,0.0,0.0,0.0,0.0,0.0,0.0,0.0,0.0,0.0,0.0,0.0,0.0,0.0,0.0,25.0,8.9,0.0,23.1,0.0,142.0,0
12423,105.0,98.0,37.83,140.0,89.0,68.0,15.0,0.0,0.0,0.0,0.0,0.0,0.0,0.0,0.0,0.0,0.0,0.0,0.0,0.0,0.0,0.0,0.0,0.0,0.0,0.0,0.0,0.0,25.0,8.9,0.0,23.1,0.0,0.0,0
12423,106.0,97.0,0.0,138.0,86.0,66.0,14.0,0.0,0.0,0.0,0.0,0.0,0.0,0.0,0.0,0.0,0.0,0.0,0.0,0.0,0.0,0.0,0.0,0.0,0.0,0.0,0.0,0.0,0.0,0.0,0.0,0.0,0.0,0.0,0
12423,96.0,100.0,38.06,151.0,95.0,70.0,15.0,0.0,0.0,0.0,0.35,7.39,42.0,0.0,0.0,0.0,0.0,0.0,0.0,0.0,0.0,0.0,1.1,0.0,0.0,0.0,0.0,0.0,0.0,0.0,0.0,0.0,0.0,0.0,0
12423,101.0,98.0,0.0,139.0,88.0,66.0,16.0,0.0,0.0,0.0,0.0,7.39,0.0,0.0,0.0,0.0,0.0,0.0,0.0,0.0,0.0,0.0,1.1,0.0,0.0,0.0,0.0,0.0,0.0,0.0,0.0,0.0,0.0,0.0,0
12423,101.0,99.0,0.0,142.0,88.0,65.0,8.0,0.0,0.0,24.0,0.0,0.0,0.0,0.0,0.0,19.0,0.0,7.9,109.0,0.8,0.0,72.0,0.0,2.1,2.7,4.1,0.0,0.0,24.0,8.5,33.9,23.2,0.0,151.0,0
12423,97.0,100.0,0.0,138.0,85.0,63.0,6.0,0.0,0.0,24.0,0.35,0.0,0.0,0.0,0.0,19.0,0.0,0.0,109.0,0.0,0.0,0.0,0.0,2.1,0.0,4.1,0.0,0.0,24.0,8.5,0.0,23.2,0.0,0.0,0
12423,102.0,100.0,37.78,145.0,87.0,63.0,10.0,0.0,0.0,0.0,0.0,0.0,0.0,0.0,0.0,0.0,0.0,0.0,0.0,0.0,0.0,0.0,0.0,0.0,0.0,0.0,0.0,0.0,0.0,0.0,0.0,0.0,0.0,0.0,0
12423,104.0,99.0,0.0,166.0,99.0,72.0,21.0,0.0,0.0,0.0,0.0,0.0,0.0,0.0,0.0,0.0,0.0,0.0,0.0,0.0,0.0,0.0,0.0,0.0,0.0,0.0,0.0,0.0,0.0,0.0,0.0,0.0,0.0,0.0,0
12423,111.0,99.0,0.0,141.0,92.0,71.0,12.0,0.0,0.0,0.0,0.0,7.4,38.0,0.0,0.0,0.0,0.0,0.0,0.0,0.0,0.0,0.0,0.0,0.0,0.0,0.0,0.0,0.0,0.0,0.0,0.0,0.0,0.0,0.0,0
12423,112.5,98.5,0.0,140.0,92.0,72.0,21.0,0.0,0.0,0.0,0.0,7.4,0.0,0.0,0.0,0.0,0.0,0.0,0.0,0.0,0.0,0.0,0.0,0.0,0.0,0.0,0.0,0.0,24.3,8.4,33.1,26.7,0.0,147.0,0
12423,119.0,97.0,37.22,144.0,92.0,70.0,26.0,0.0,0.0,0.0,0.0,0.0,0.0,0.0,0.0,0.0,0.0,0.0,0.0,0.0,0.0,0.0,0.0,0.0,0.0,0.0,0.0,0.0,24.3,8.4,0.0,26.7,0.0,0.0,0
12423,108.0,99.0,0.0,115.0,75.0,59.0,16.5,0.0,0.0,0.0,0.35,0.0,0.0,0.0,0.0,0.0,0.0,0.0,0.0,0.0,0.0,0.0,0.0,0.0,0.0,0.0,0.0,0.0,0.0,0.0,0.0,0.0,0.0,0.0,0
12423,114.0,98.0,37.56,133.0,87.0,69.0,21.0,0.0,0.0,0.0,0.0,0.0,0.0,0.0,0.0,0.0,0.0,0.0,0.0,0.0,0.0,0.0,0.0,0.0,0.0,0.0,0.0,0.0,0.0,0.0,0.0,0.0,0.0,0.0,0
12423,113.0,98.0,0.0,132.0,86.0,67.0,22.0,0.0,0.0,0.0,0.0,0.0,0.0,0.0,0.0,0.0,0.0,0.0,0.0,0.0,0.0,0.0,0.0,0.0,0.0,0.0,0.0,0.0,0.0,0.0,0.0,0.0,0.0,0.0,0
12423,109.0,99.5,37.78,135.0,86.0,66.0,25.5,0.0,0.0,0.0,0.43,0.0,0.0,0.0,0.0,0.0,0.0,0.0,0.0,0.0,0.0,0.0,0.0,0.0,0.0,0.0,0.0,0.0,0.0,0.0,0.0,0.0,0.0,0.0,0
12423,110.0,98.0,0.0,146.0,86.0,63.0,24.0,0.0,0.0,24.0,0.5,7.36,46.0,0.0,0.0,18.0,0.0,7.9,105.0,0.9,0.0,216.0,1.9,1.9,2.8,4.3,0.0,0.0,24.3,8.3,32.6,27.3,0.0,174.0,0
