12609,0.0,0.0,0.0,0.0,0.0,0.0,0.0,0.0,0.0,0.0,0.0,0.0,0.0,0.0,0.0,0.0,0.0,0.0,0.0,0.0,0.0,0.0,0.0,0.0,0.0,0.0,0.0,0.0,0.0,0.0,0.0,0.0,0.0,0.0,0
12609,49.0,96.0,35.56,107.5,72.0,53.0,16.0,0.0,-4.0,0.0,0.9,7.29,44.0,0.0,0.0,0.0,0.0,0.0,0.0,0.0,0.0,0.0,0.7,0.0,0.0,0.0,0.0,0.0,0.0,0.0,0.0,0.0,0.0,0.0,0
12609,56.5,98.0,36.78,128.5,82.0,58.0,16.0,0.0,-5.0,0.0,0.0,7.34,37.0,0.0,0.0,0.0,0.0,0.0,0.0,0.0,0.0,0.0,0.0,0.0,0.0,0.0,0.0,0.0,0.0,0.0,0.0,0.0,0.0,0.0,0
12609,58.0,97.0,0.0,126.0,82.5,60.0,16.0,0.0,0.0,0.0,0.0,0.0,0.0,0.0,0.0,0.0,0.0,0.0,0.0,0.0,0.0,0.0,0.0,0.0,0.0,0.0,0.0,0.0,0.0,0.0,0.0,0.0,0.0,0.0,0
12609,60.0,92.0,0.0,122.0,80.0,59.0,16.0,0.0,-6.0,0.0,0.6,7.3,39.0,0.0,0.0,0.0,0.0,0.0,0.0,0.0,0.0,0.0,0.0,0.0,0.0,0.0,0.0,0.0,0.0,0.0,0.0,0.0,0.0,0.0,0
12609,63.5,91.0,37.11,117.0,78.5,58.5,18.0,0.0,-5.0,0.0,0.7,7.34,36.0,0.0,0.0,0.0,0.0,0.0,0.0,0.0,0.0,0.0,0.0,0.0,0.0,0.0,0.0,0.0,0.0,0.0,0.0,0.0,0.0,0.0,0
12609,67.0,93.0,0.0,131.0,84.0,61.0,16.0,0.0,-6.0,0.0,0.0,7.33,36.0,92.0,0.0,0.0,0.0,0.0,0.0,0.0,0.0,72.0,0.0,0.0,0.0,4.1,0.0,0.0,0.0,0.0,0.0,0.0,0.0,0.0,0
12609,77.0,94.0,0.0,158.0,101.0,68.0,22.0,0.0,-7.0,0.0,0.0,7.32,34.0,94.0,0.0,0.0,0.0,0.0,0.0,0.0,0.0,75.0,0.0,0.0,0.0,4.0,0.0,0.0,0.0,0.0,0.0,0.0,0.0,0.0,0
12609,77.0,94.0,0.0,131.0,84.0,60.0,27.0,0.0,0.0,0.0,0.0,0.0,0.0,0.0,0.0,0.0,0.0,0.0,0.0,0.0,0.0,0.0,0.0,0.0,0.0,0.0,0.0,0.0,0.0,0.0,0.0,0.0,0.0,0.0,0
12609,82.0,95.0,38.67,134.0,85.0,61.0,32.0,0.0,-5.0,0.0,0.7,7.4,27.0,97.0,0.0,0.0,0.0,0.0,0.0,0.0,0.0,99.0,0.0,0.0,0.0,0.0,0.0,0.0,0.0,0.0,0.0,0.0,0.0,0.0,0
12609,80.0,97.0,0.0,119.0,80.0,59.0,21.0,0.0,0.0,0.0,0.0,0.0,0.0,0.0,0.0,0.0,0.0,0.0,0.0,0.0,0.0,0.0,0.0,0.0,0.0,0.0,0.0,0.0,0.0,0.0,0.0,0.0,0.0,0.0,0
12609,79.5,97.5,38.72,119.5,80.0,59.0,21.0,0.0,-8.0,0.0,0.0,7.35,27.0,98.0,0.0,0.0,0.0,0.0,0.0,0.0,0.0,128.0,0.0,0.0,0.0,0.0,0.0,0.0,0.0,0.0,0.0,0.0,0.0,0.0,0
12609,80.0,98.0,0.0,120.0,80.0,59.0,21.0,0.0,0.0,0.0,0.6,0.0,0.0,0.0,0.0,0.0,0.0,0.0,0.0,0.0,0.0,0.0,0.0,0.0,0.0,0.0,0.0,0.0,0.0,0.0,0.0,0.0,0.0,0.0,0
12609,75.0,97.0,38.28,120.0,78.0,55.0,18.0,0.0,0.0,0.0,0.5,0.0,0.0,0.0,0.0,0.0,0.0,0.0,0.0,0.0,0.0,0.0,0.0,0.0,0.0,0.0,0.0,0.0,0.0,0.0,0.0,0.0,0.0,0.0,0
12609,72.0,97.0,0.0,118.0,76.0,54.0,16.0,0.0,-9.0,0.0,0.0,7.32,30.0,98.0,0.0,0.0,0.0,0.0,0.0,0.0,0.0,117.0,0.0,0.0,0.0,3.8,0.0,0.0,0.0,0.0,0.0,0.0,0.0,0.0,0
12609,71.0,98.0,0.0,136.0,83.0,55.0,17.0,0.0,0.0,0.0,0.0,0.0,0.0,0.0,0.0,0.0,0.0,0.0,0.0,0.0,0.0,0.0,0.0,0.0,0.0,0.0,0.0,0.0,0.0,0.0,0.0,0.0,0.0,0.0,0
12609,70.0,99.0,0.0,142.0,87.0,56.0,16.0,0.0,-9.0,0.0,0.0,7.3,32.0,97.0,0.0,0.0,0.0,0.0,0.0,0.0,0.0,93.0,1.3,0.0,0.0,3.8,0.0,0.0,0.0,0.0,0.0,0.0,0.0,0.0,0
12609,67.0,98.0,37.28,143.0,87.0,56.0,15.0,0.0,-7.0,16.0,0.5,7.3,37.0,98.0,0.0,17.0,0.0,8.2,114.0,1.1,0.0,112.0,0.0,2.2,3.0,4.3,0.0,0.0,29.1,9.8,0.0,6.7,0.0,167.0,0
12609,68.0,97.0,0.0,134.0,83.0,53.0,18.0,0.0,0.0,0.0,0.0,0.0,0.0,0.0,0.0,0.0,0.0,0.0,0.0,0.0,0.0,0.0,0.0,0.0,0.0,0.0,0.0,0.0,0.0,0.0,0.0,0.0,0.0,0.0,0
12609,69.0,97.0,0.0,134.0,84.0,54.0,18.0,0.0,-8.0,0.0,0.0,7.29,34.0,96.0,0.0,0.0,0.0,0.0,0.0,0.0,0.0,110.0,0.0,0.0,0.0,0.0,0.0,0.0,0.0,0.0,0.0,0.0,0.0,0.0,0
12609,67.0,97.0,0.0,132.0,82.0,54.0,18.0,0.0,0.0,0.0,0.0,0.0,0.0,0.0,0.0,0.0,0.0,0.0,0.0,0.0,0.0,0.0,0.0,0.0,0.0,0.0,0.0,0.0,0.0,0.0,0.0,0.0,0.0,0.0,0
12609,70.0,98.0,37.17,128.0,80.0,54.0,18.0,0.0,-6.0,0.0,0.5,7.32,36.0,98.0,0.0,0.0,0.0,0.0,0.0,0.0,0.0,94.0,1.2,0.0,0.0,4.3,0.0,0.0,0.0,0.0,47.6,0.0,0.0,0.0,0
12609,65.0,98.0,0.0,130.0,80.0,53.0,17.0,0.0,0.0,0.0,0.0,0.0,0.0,0.0,0.0,0.0,0.0,0.0,0.0,0.0,0.0,0.0,0.0,0.0,0.0,0.0,0.0,0.0,0.0,0.0,0.0,0.0,0.0,0.0,0
12609,66.0,96.0,0.0,126.0,78.0,51.0,20.5,0.0,0.0,0.0,0.0,0.0,0.0,0.0,0.0,0.0,0.0,0.0,0.0,0.0,0.0,0.0,0.0,0.0,0.0,0.0,0.0,0.0,0.0,0.0,0.0,0.0,0.0,0.0,0
12609,64.0,95.0,0.0,138.0,85.0,55.0,17.0,0.0,-7.0,0.0,1.0,7.33,33.0,97.0,0.0,0.0,0.0,0.0,0.0,0.0,0.0,70.0,0.0,0.0,0.0,0.0,0.0,0.0,0.0,0.0,0.0,0.0,0.0,0.0,0
12609,73.0,96.0,36.94,134.0,84.0,54.0,18.0,0.0,0.0,0.0,0.0,0.0,0.0,0.0,0.0,0.0,0.0,0.0,0.0,0.0,0.0,0.0,0.0,0.0,0.0,0.0,0.0,0.0,0.0,0.0,0.0,0.0,0.0,0.0,0
12609,78.0,96.0,0.0,131.0,82.0,52.0,19.0,0.0,-7.0,0.0,0.0,7.32,35.0,95.0,0.0,0.0,0.0,0.0,0.0,0.0,0.0,74.0,0.8,0.0,0.0,3.7,0.0,0.0,0.0,0.0,0.0,0.0,0.0,0.0,0
12609,76.0,95.0,0.0,123.0,77.0,49.0,18.0,0.0,0.0,0.0,0.0,0.0,0.0,0.0,0.0,0.0,0.0,0.0,0.0,0.0,0.0,0.0,0.0,0.0,0.0,0.0,0.0,0.0,0.0,0.0,0.0,0.0,0.0,0.0,0
12609,78.0,97.0,0.0,140.0,92.0,61.0,20.0,0.0,0.0,0.0,0.0,0.0,0.0,0.0,0.0,0.0,0.0,0.0,0.0,0.0,0.0,0.0,0.0,0.0,0.0,0.0,0.0,0.0,0.0,0.0,0.0,0.0,0.0,0.0,0
12609,75.0,99.0,0.0,133.0,86.0,56.0,19.0,0.0,0.0,0.0,0.7,0.0,0.0,0.0,0.0,0.0,0.0,0.0,0.0,0.0,0.0,0.0,0.0,0.0,0.0,0.0,0.0,0.0,0.0,0.0,0.0,0.0,0.0,0.0,0
12609,79.0,99.0,36.83,113.0,72.0,47.0,19.0,0.0,0.0,0.0,0.0,0.0,0.0,0.0,0.0,0.0,0.0,0.0,0.0,0.0,0.0,0.0,0.0,2.1,0.0,0.0,0.0,0.0,30.2,0.0,0.0,0.0,0.0,180.0,0
12609,84.0,95.0,0.0,131.0,83.0,53.0,27.0,0.0,-9.0,0.0,0.0,7.28,34.0,98.0,0.0,0.0,0.0,0.0,0.0,0.0,0.0,156.0,1.2,0.0,0.0,5.0,0.0,0.0,0.0,0.0,0.0,0.0,0.0,0.0,0
12609,82.0,95.0,0.0,131.0,83.0,54.0,23.0,0.0,0.0,0.0,0.0,0.0,0.0,0.0,0.0,0.0,0.0,0.0,0.0,0.0,0.0,0.0,0.0,0.0,0.0,0.0,0.0,0.0,0.0,0.0,0.0,0.0,0.0,0.0,0
12609,80.0,100.0,37.11,139.0,87.0,55.0,22.0,0.0,0.0,0.0,0.0,0.0,0.0,0.0,0.0,0.0,0.0,0.0,0.0,0.0,0.0,0.0,0.0,0.0,0.0,0.0,0.0,0.0,0.0,0.0,0.0,0.0,0.0,0.0,0
12609,83.0,97.0,0.0,137.0,86.0,53.0,25.0,0.0,0.0,0.0,0.0,0.0,0.0,0.0,0.0,0.0,0.0,0.0,0.0,0.0,0.0,0.0,0.0,0.0,0.0,0.0,0.0,0.0,0.0,0.0,0.0,0.0,0.0,0.0,0
12609,86.0,96.0,0.0,119.0,75.0,46.0,19.0,0.0,0.0,0.0,0.0,0.0,0.0,0.0,0.0,0.0,0.0,0.0,0.0,0.0,0.0,262.0,0.0,0.0,0.0,0.0,0.0,0.0,0.0,0.0,0.0,0.0,0.0,0.0,0
12609,82.0,93.0,0.0,105.0,70.0,49.0,17.0,0.0,0.0,0.0,0.0,0.0,0.0,0.0,0.0,0.0,0.0,0.0,0.0,0.0,0.0,0.0,0.0,0.0,0.0,0.0,0.0,0.0,0.0,0.0,0.0,0.0,0.0,0.0,0
12609,77.0,99.0,0.0,111.0,73.0,51.0,15.0,0.0,0.0,0.0,0.0,0.0,0.0,0.0,0.0,0.0,0.0,0.0,0.0,0.0,0.0,0.0,0.0,0.0,0.0,0.0,0.0,0.0,0.0,0.0,0.0,0.0,0.0,0.0,0
12609,75.0,98.0,36.5,108.0,71.0,50.0,15.0,0.0,0.0,0.0,0.4,0.0,0.0,0.0,0.0,0.0,0.0,0.0,0.0,0.0,0.0,0.0,0.0,0.0,0.0,0.0,0.0,0.0,0.0,0.0,0.0,0.0,0.0,0.0,0
12609,71.0,95.0,0.0,111.0,72.0,50.0,14.0,0.0,0.0,0.0,0.0,0.0,0.0,0.0,0.0,0.0,0.0,0.0,0.0,0.0,0.0,0.0,0.0,0.0,0.0,0.0,0.0,0.0,0.0,0.0,0.0,0.0,0.0,0.0,0
12609,71.0,97.0,0.0,131.0,85.0,58.0,21.0,0.0,0.0,0.0,0.0,0.0,0.0,0.0,0.0,0.0,0.0,0.0,0.0,0.0,0.0,0.0,0.0,0.0,0.0,0.0,0.0,0.0,0.0,0.0,0.0,0.0,0.0,0.0,0
12609,68.0,99.0,0.0,122.0,80.0,54.0,18.0,0.0,0.0,17.0,0.4,0.0,0.0,0.0,0.0,19.0,0.0,8.3,111.0,1.3,0.0,156.0,0.0,2.1,3.4,4.4,0.0,0.0,26.0,8.9,70.8,7.0,0.0,159.0,0
12609,70.0,96.0,36.11,127.0,82.0,55.0,19.0,0.0,-7.0,0.0,0.45,7.34,32.0,97.0,0.0,0.0,0.0,0.0,0.0,0.0,0.0,0.0,1.3,0.0,0.0,0.0,0.0,0.0,0.0,0.0,0.0,0.0,0.0,0.0,0
12609,71.0,95.0,0.0,128.0,81.0,54.0,17.0,0.0,0.0,0.0,0.0,0.0,0.0,0.0,0.0,0.0,0.0,0.0,0.0,0.0,0.0,0.0,0.0,0.0,0.0,0.0,0.0,0.0,0.0,0.0,0.0,0.0,0.0,0.0,0
12609,71.0,95.0,0.0,135.0,85.0,56.0,16.0,0.0,0.0,0.0,0.0,0.0,0.0,0.0,0.0,0.0,0.0,0.0,0.0,0.0,0.0,0.0,0.0,0.0,0.0,0.0,0.0,0.0,0.0,0.0,0.0,0.0,0.0,0.0,0
