12673,104.0,100.0,0.0,123.0,96.0,81.0,10.0,0.0,-2.0,0.0,0.0,7.27,54.0,0.0,0.0,0.0,0.0,0.0,0.0,0.0,0.0,98.0,0.0,0.0,0.0,5.1,0.0,0.0,25.8,8.6,56.5,14.6,0.0,236.0,0
12673,107.5,100.0,0.0,130.0,99.0,83.0,9.0,0.0,-1.0,24.0,1.0,7.32,48.0,83.0,0.0,34.0,0.0,0.0,112.0,6.8,0.0,95.0,0.0,3.0,0.0,5.3,0.0,0.0,22.5,8.0,54.3,11.0,203.0,146.0,0
12673,114.0,98.0,0.0,129.0,95.5,76.5,14.0,0.0,0.0,0.0,0.5,0.0,0.0,0.0,0.0,0.0,0.0,0.0,0.0,0.0,0.0,0.0,0.0,0.0,0.0,0.0,0.0,0.0,0.0,0.0,0.0,0.0,0.0,0.0,0
12673,110.0,100.0,36.4,132.0,95.0,74.0,14.0,0.0,0.0,0.0,0.5,0.0,0.0,0.0,0.0,0.0,0.0,0.0,0.0,0.0,0.0,0.0,0.0,0.0,0.0,0.0,0.0,0.0,0.0,0.0,0.0,0.0,0.0,0.0,0
12673,110.0,99.5,36.85,123.0,87.5,67.5,14.0,0.0,-1.0,0.0,0.4,7.39,37.0,98.0,0.0,0.0,0.0,0.0,0.0,0.0,0.0,120.0,0.0,0.0,0.0,4.9,0.0,0.0,0.0,0.0,0.0,0.0,0.0,0.0,0
12673,103.0,100.0,37.0,129.5,93.5,76.0,13.5,0.0,0.0,0.0,0.0,0.0,0.0,0.0,0.0,0.0,0.0,0.0,0.0,0.0,0.0,109.0,0.0,0.0,0.0,0.0,0.0,0.0,0.0,0.0,0.0,0.0,0.0,0.0,0
12673,106.0,100.0,36.8,111.0,76.0,56.0,14.0,0.0,-1.0,0.0,0.0,7.41,34.0,98.0,0.0,37.0,0.0,0.0,0.0,7.6,0.0,107.0,0.0,2.7,0.0,5.4,0.0,0.0,24.5,9.1,0.0,8.7,0.0,171.0,0
12673,111.0,99.0,36.9,111.5,72.5,52.0,12.5,0.0,0.0,0.0,0.4,0.0,0.0,0.0,0.0,0.0,0.0,0.0,0.0,0.0,0.0,93.0,0.0,0.0,0.0,0.0,0.0,0.0,0.0,0.0,0.0,0.0,0.0,0.0,0
12673,105.0,99.0,37.0,110.0,73.0,54.0,12.0,0.0,-1.0,0.0,0.0,7.38,39.0,98.0,0.0,0.0,0.0,0.0,0.0,0.0,0.0,75.0,0.0,0.0,0.0,0.0,0.0,0.0,0.0,0.0,0.0,0.0,0.0,0.0,0
12673,102.0,100.0,37.05,112.0,74.0,55.5,12.0,0.0,0.0,0.0,0.0,0.0,0.0,0.0,0.0,0.0,0.0,0.0,0.0,0.0,0.0,0.0,0.0,0.0,0.0,0.0,0.0,0.0,0.0,0.0,0.0,0.0,0.0,0.0,0
12673,103.0,100.0,37.2,126.0,89.0,71.0,12.0,0.0,0.0,0.0,0.0,0.0,0.0,0.0,0.0,0.0,0.0,0.0,0.0,0.0,0.0,0.0,0.0,0.0,0.0,0.0,0.0,0.0,0.0,0.0,0.0,0.0,0.0,0.0,0
12673,100.0,100.0,37.2,118.0,80.0,64.0,12.0,0.0,-2.0,20.0,0.4,7.38,37.0,98.0,0.0,37.0,0.0,8.6,109.0,8.1,0.0,89.0,0.0,2.7,5.5,6.6,0.0,0.0,29.8,10.3,35.8,7.9,0.0,170.0,0
12673,104.5,100.0,37.4,136.0,96.0,78.0,16.5,0.0,0.0,0.0,0.4,0.0,0.0,0.0,0.0,0.0,0.0,0.0,0.0,0.0,0.0,0.0,0.0,0.0,0.0,0.0,0.0,0.0,0.0,0.0,0.0,0.0,0.0,0.0,0
12673,104.0,97.5,37.4,114.5,82.0,68.0,21.0,0.0,-4.0,0.0,0.0,7.3,43.0,97.0,0.0,0.0,0.0,0.0,0.0,0.0,0.0,107.0,0.0,0.0,0.0,6.6,0.0,0.0,0.0,0.0,0.0,0.0,0.0,0.0,0
12673,104.0,97.0,37.3,105.0,75.0,63.0,20.5,0.0,0.0,0.0,0.4,0.0,0.0,0.0,0.0,0.0,0.0,0.0,0.0,0.0,0.0,0.0,0.0,0.0,0.0,0.0,0.0,0.0,0.0,0.0,0.0,0.0,0.0,0.0,0
12673,98.0,97.0,37.4,101.0,71.0,56.0,17.0,0.0,-4.0,0.0,0.0,7.35,37.0,0.0,0.0,0.0,0.0,0.0,0.0,0.0,0.0,93.0,0.0,0.0,0.0,5.8,0.0,0.0,0.0,0.0,0.0,0.0,0.0,0.0,0
12673,96.0,95.0,36.83,113.0,84.0,71.0,10.0,0.0,0.0,0.0,0.0,0.0,0.0,0.0,0.0,0.0,0.0,0.0,0.0,0.0,0.0,0.0,0.0,0.0,0.0,0.0,0.0,0.0,0.0,0.0,0.0,0.0,0.0,0.0,0
12673,104.0,98.5,0.0,122.5,93.5,78.0,15.0,0.0,0.0,0.0,0.0,0.0,0.0,0.0,0.0,0.0,0.0,0.0,0.0,0.0,0.0,0.0,0.0,0.0,0.0,0.0,0.0,0.0,0.0,0.0,0.0,0.0,0.0,0.0,0
12673,100.0,98.0,36.83,116.0,90.0,76.0,16.0,0.0,0.0,0.0,0.4,0.0,0.0,0.0,0.0,0.0,0.0,0.0,0.0,0.0,0.0,0.0,0.0,0.0,0.0,0.0,0.0,0.0,0.0,0.0,0.0,0.0,0.0,0.0,0
12673,104.0,98.0,36.67,103.0,80.0,69.0,15.0,0.0,0.0,0.0,0.0,0.0,0.0,0.0,0.0,0.0,0.0,0.0,0.0,0.0,0.0,132.0,0.0,0.0,0.0,0.0,0.0,0.0,0.0,0.0,0.0,0.0,0.0,0.0,0
12673,104.0,96.0,0.0,107.5,84.5,73.0,17.0,0.0,3.0,0.0,0.0,7.45,39.0,0.0,0.0,0.0,0.0,0.0,0.0,0.0,0.0,119.0,0.0,0.0,0.0,0.0,0.0,0.0,0.0,0.0,0.0,0.0,0.0,0.0,0
12673,105.0,97.0,37.22,111.0,90.0,80.0,17.0,0.0,0.0,0.0,0.0,0.0,0.0,0.0,0.0,0.0,0.0,0.0,0.0,0.0,0.0,0.0,0.0,0.0,0.0,0.0,0.0,0.0,0.0,0.0,0.0,0.0,0.0,0.0,0
12673,103.0,98.0,0.0,120.0,95.0,82.0,16.0,0.0,0.0,0.0,0.0,0.0,0.0,0.0,0.0,0.0,0.0,0.0,0.0,0.0,0.0,0.0,0.0,0.0,0.0,0.0,0.0,0.0,0.0,0.0,0.0,0.0,0.0,0.0,0
12673,100.0,98.0,37.17,114.5,90.5,78.0,13.0,0.0,0.0,27.0,0.0,7.44,0.0,0.0,0.0,19.0,0.0,0.0,103.0,5.5,0.0,127.0,0.0,1.9,5.7,4.5,0.0,0.0,30.3,0.0,0.0,0.0,0.0,0.0,0
12673,98.0,98.0,0.0,114.0,88.0,75.0,17.0,0.0,0.0,0.0,0.0,0.0,0.0,0.0,0.0,0.0,0.0,0.0,0.0,0.0,0.0,0.0,0.0,0.0,0.0,0.0,0.0,0.0,0.0,0.0,0.0,0.0,0.0,0.0,0
12673,96.0,98.0,0.0,114.0,87.0,75.0,14.0,0.0,0.0,0.0,0.0,0.0,0.0,0.0,0.0,0.0,0.0,0.0,0.0,0.0,0.0,0.0,0.0,0.0,0.0,0.0,0.0,0.0,0.0,0.0,0.0,0.0,0.0,0.0,0
12673,99.0,97.0,0.0,114.0,87.0,74.0,15.0,0.0,0.0,0.0,0.0,0.0,0.0,0.0,0.0,0.0,0.0,0.0,0.0,0.0,0.0,0.0,0.0,0.0,0.0,0.0,0.0,0.0,0.0,0.0,0.0,0.0,0.0,0.0,0
12673,95.0,97.0,37.17,114.0,85.0,73.0,13.0,0.0,0.0,0.0,0.0,0.0,0.0,0.0,0.0,0.0,0.0,0.0,0.0,0.0,0.0,0.0,0.0,0.0,0.0,0.0,0.0,0.0,0.0,0.0,0.0,0.0,0.0,0.0,0
12673,97.0,97.0,0.0,103.0,79.0,68.0,21.0,0.0,0.0,0.0,0.0,0.0,0.0,0.0,0.0,0.0,0.0,0.0,0.0,0.0,0.0,0.0,0.0,0.0,0.0,0.0,0.0,0.0,0.0,0.0,0.0,0.0,0.0,0.0,0
12673,96.0,96.0,0.0,106.0,81.0,69.0,15.0,0.0,0.0,0.0,0.0,7.37,0.0,0.0,0.0,22.0,0.0,0.0,0.0,6.3,0.0,94.0,0.0,2.1,0.0,4.7,0.0,0.0,32.0,10.5,0.0,0.0,0.0,0.0,0
12673,94.0,96.0,0.0,115.0,85.0,71.0,21.0,0.0,0.0,0.0,0.0,0.0,0.0,0.0,0.0,0.0,0.0,0.0,0.0,0.0,0.0,0.0,0.0,0.0,0.0,0.0,0.0,0.0,0.0,0.0,0.0,0.0,0.0,0.0,0
12673,93.0,97.0,37.28,124.0,91.0,73.0,17.0,0.0,0.0,0.0,0.0,0.0,0.0,0.0,0.0,0.0,0.0,0.0,0.0,0.0,0.0,0.0,0.0,0.0,0.0,0.0,0.0,0.0,0.0,0.0,0.0,0.0,0.0,0.0,0
12673,91.0,97.0,0.0,114.0,84.0,69.0,19.0,0.0,0.0,0.0,0.0,0.0,0.0,0.0,0.0,0.0,0.0,0.0,0.0,0.0,0.0,0.0,0.0,0.0,0.0,0.0,0.0,0.0,0.0,0.0,0.0,0.0,0.0,0.0,0
12673,89.0,97.0,0.0,121.0,88.0,71.0,20.0,0.0,0.0,27.0,0.0,0.0,0.0,0.0,0.0,24.0,0.0,9.2,102.0,6.9,0.0,93.0,0.0,2.2,7.7,4.8,0.0,0.0,28.7,10.0,31.0,6.5,0.0,125.0,0
12673,88.0,97.0,0.0,126.0,92.0,74.0,22.0,0.0,0.0,0.0,0.0,0.0,0.0,0.0,0.0,0.0,0.0,0.0,0.0,0.0,0.0,0.0,0.0,0.0,0.0,0.0,0.0,0.0,0.0,0.0,0.0,0.0,0.0,0.0,0
12673,86.0,97.0,36.72,133.0,97.0,79.0,24.0,0.0,0.0,0.0,0.0,0.0,0.0,0.0,0.0,0.0,0.0,0.0,0.0,0.0,0.0,0.0,0.0,0.0,0.0,0.0,0.0,0.0,0.0,0.0,0.0,0.0,0.0,0.0,0
12673,89.0,96.0,0.0,124.0,92.0,74.5,22.0,0.0,0.0,0.0,0.0,0.0,0.0,0.0,0.0,0.0,0.0,0.0,0.0,0.0,0.0,0.0,0.0,0.0,0.0,0.0,0.0,0.0,0.0,0.0,0.0,0.0,0.0,0.0,0
12673,95.0,96.0,0.0,129.0,95.0,78.0,17.0,0.0,0.0,0.0,0.0,0.0,0.0,0.0,0.0,0.0,0.0,0.0,0.0,0.0,0.0,0.0,0.0,0.0,0.0,0.0,0.0,0.0,0.0,0.0,0.0,0.0,0.0,0.0,0
12673,0.0,0.0,0.0,0.0,0.0,0.0,0.0,0.0,0.0,0.0,0.0,0.0,0.0,0.0,0.0,0.0,0.0,0.0,0.0,0.0,0.0,0.0,0.0,0.0,0.0,0.0,0.0,0.0,0.0,0.0,0.0,0.0,0.0,0.0,0
