12783,79.0,100.0,36.2,122.5,77.5,55.0,8.0,0.0,1.0,0.0,0.0,7.36,43.0,0.0,0.0,0.0,0.0,0.0,0.0,0.0,0.0,195.0,0.0,0.0,0.0,4.1,0.0,0.0,32.4,0.0,30.3,0.0,0.0,171.0,0
12783,76.5,100.0,36.15,118.5,75.0,54.5,19.0,0.0,0.0,0.0,0.0,0.0,0.0,0.0,0.0,0.0,0.0,0.0,0.0,0.0,0.0,0.0,0.0,0.0,0.0,0.0,0.0,0.0,0.0,0.0,0.0,0.0,0.0,0.0,0
12783,82.0,96.0,36.4,103.0,68.0,53.0,24.0,0.0,-6.0,0.0,0.45,7.33,35.0,0.0,0.0,0.0,0.0,0.0,0.0,0.0,0.0,0.0,0.0,0.0,0.0,0.0,0.0,0.0,0.0,0.0,0.0,0.0,0.0,0.0,0
12783,91.5,97.0,36.9,93.5,62.0,48.5,26.0,0.0,-7.0,0.0,0.0,7.32,35.0,97.0,0.0,0.0,0.0,0.0,0.0,0.0,0.0,178.0,0.0,0.0,0.0,0.0,0.0,0.0,37.0,12.2,0.0,0.0,0.0,0.0,0
12783,90.5,98.5,37.25,106.0,71.0,56.5,25.0,0.0,-6.0,0.0,0.0,7.34,33.0,98.0,0.0,0.0,0.0,0.0,0.0,0.0,0.0,0.0,0.0,0.0,0.0,0.0,0.0,0.0,0.0,0.0,0.0,0.0,0.0,0.0,0
12783,89.0,98.5,37.55,100.0,69.0,56.0,24.0,0.0,0.0,0.0,0.0,0.0,0.0,0.0,0.0,0.0,0.0,0.0,0.0,0.0,0.0,0.0,0.0,0.0,0.0,0.0,0.0,0.0,0.0,0.0,0.0,0.0,0.0,0.0,0
12783,87.0,97.0,37.65,109.0,73.0,56.5,24.5,0.0,-5.0,0.0,0.0,7.36,33.0,98.0,0.0,0.0,0.0,0.0,0.0,0.0,0.0,132.0,0.0,0.0,0.0,0.0,0.0,0.0,37.0,12.4,0.0,0.0,0.0,0.0,0
12783,82.0,98.0,37.7,117.0,76.0,58.0,25.0,0.0,0.0,0.0,0.4,0.0,0.0,0.0,0.0,0.0,0.0,0.0,0.0,0.0,0.0,0.0,0.0,0.0,0.0,0.0,0.0,0.0,0.0,0.0,0.0,0.0,0.0,0.0,0
12783,88.5,97.0,37.75,110.5,74.0,57.5,25.5,0.0,0.0,0.0,0.0,0.0,0.0,0.0,0.0,0.0,0.0,0.0,0.0,0.0,0.0,0.0,0.0,0.0,0.0,0.0,0.0,0.0,0.0,0.0,0.0,0.0,0.0,0.0,0
12783,88.0,95.0,37.8,108.0,71.0,54.0,28.0,0.0,0.0,0.0,0.0,7.4,40.0,97.0,0.0,0.0,0.0,0.0,0.0,0.0,0.0,112.0,0.0,0.0,0.0,0.0,0.0,0.0,32.0,10.7,0.0,0.0,0.0,0.0,0
12783,92.0,95.0,37.8,111.0,71.0,55.0,29.0,0.0,0.0,0.0,0.45,0.0,0.0,0.0,0.0,0.0,0.0,0.0,0.0,0.0,0.0,0.0,0.0,0.0,0.0,0.0,0.0,0.0,0.0,0.0,0.0,0.0,0.0,0.0,0
12783,91.0,95.0,37.7,116.0,73.0,55.0,12.0,0.0,0.0,0.0,0.0,0.0,0.0,0.0,0.0,0.0,0.0,0.0,0.0,0.0,0.0,79.0,0.0,0.0,0.0,4.1,0.0,0.0,0.0,0.0,0.0,0.0,0.0,0.0,0
12783,102.0,95.0,37.6,133.0,83.0,63.0,32.0,0.0,0.0,0.0,0.0,0.0,0.0,0.0,0.0,0.0,0.0,0.0,0.0,0.0,0.0,0.0,0.0,0.0,0.0,0.0,0.0,0.0,0.0,0.0,0.0,0.0,0.0,0.0,0
12783,91.0,96.0,37.5,124.0,75.0,56.0,23.0,0.0,0.0,0.0,0.5,0.0,0.0,0.0,0.0,0.0,0.0,0.0,0.0,0.0,0.0,0.0,0.0,0.0,0.0,0.0,0.0,0.0,0.0,0.0,0.0,0.0,0.0,0.0,0
12783,93.0,94.0,37.4,122.0,74.0,55.0,23.0,0.0,0.0,23.0,0.0,0.0,0.0,0.0,0.0,10.0,0.0,0.0,104.0,0.7,0.0,80.0,0.0,0.0,0.0,4.4,0.0,0.0,29.4,10.3,0.0,13.6,0.0,181.0,0
12783,95.0,95.0,37.4,129.0,80.0,59.0,6.0,0.0,0.0,0.0,0.5,0.0,0.0,0.0,0.0,0.0,0.0,0.0,0.0,0.0,0.0,0.0,0.0,0.0,0.0,0.0,0.0,0.0,0.0,0.0,0.0,0.0,0.0,0.0,0
12783,100.0,96.0,37.4,134.0,82.0,60.0,28.0,0.0,0.0,0.0,0.0,0.0,0.0,0.0,0.0,0.0,0.0,0.0,0.0,0.0,0.0,0.0,0.0,0.0,0.0,0.0,0.0,0.0,0.0,0.0,0.0,0.0,0.0,0.0,0
12783,93.0,96.0,37.3,128.0,79.0,58.0,21.0,0.0,0.0,0.0,0.0,0.0,0.0,0.0,0.0,0.0,0.0,0.0,0.0,0.0,0.0,0.0,0.0,0.0,0.0,0.0,0.0,0.0,0.0,0.0,0.0,0.0,0.0,0.0,0
12783,84.0,97.0,37.3,127.0,81.0,61.0,23.0,0.0,0.0,0.0,0.0,0.0,0.0,0.0,0.0,0.0,0.0,0.0,0.0,0.0,0.0,0.0,0.0,0.0,0.0,0.0,0.0,0.0,0.0,0.0,0.0,0.0,0.0,0.0,0
12783,88.0,97.0,37.4,131.0,84.0,62.0,28.0,0.0,0.0,0.0,0.0,0.0,0.0,0.0,0.0,0.0,0.0,0.0,0.0,0.0,0.0,0.0,0.0,0.0,0.0,0.0,0.0,0.0,0.0,0.0,0.0,0.0,0.0,0.0,0
