12842,82.0,100.0,0.0,106.0,77.0,60.0,14.0,0.0,-3.0,23.0,0.4,7.29,48.0,78.0,0.0,15.0,0.0,0.0,109.0,0.0,0.0,133.0,0.0,0.0,0.0,5.0,0.0,0.0,37.0,13.1,0.0,16.1,0.0,0.0,0
12842,72.5,98.5,0.0,115.5,78.5,64.0,14.0,0.0,-3.5,0.0,0.0,7.28,50.0,0.0,0.0,0.0,0.0,0.0,0.0,0.0,0.0,0.0,3.4,0.0,0.0,0.0,0.0,0.0,0.0,0.0,0.0,0.0,0.0,0.0,0
12842,75.0,96.0,0.0,119.0,77.0,61.0,14.0,0.0,-3.0,0.0,0.4,7.3,44.0,97.0,0.0,0.0,0.0,0.0,0.0,0.0,0.0,0.0,3.4,0.0,0.0,0.0,0.0,0.0,0.0,0.0,0.0,0.0,0.0,0.0,0
12842,73.5,97.0,0.0,116.0,75.0,57.0,17.0,0.0,-3.5,0.0,0.0,7.34,35.0,97.0,0.0,0.0,0.0,0.0,0.0,0.0,0.0,0.0,0.0,0.0,0.0,0.0,0.0,0.0,0.0,0.0,0.0,0.0,0.0,0.0,0
12842,85.0,97.0,0.0,108.0,65.0,48.0,17.0,0.0,-5.0,0.0,0.5,7.34,0.0,0.0,0.0,0.0,0.0,0.0,106.0,0.0,0.0,0.0,0.0,0.0,0.0,4.1,0.0,0.0,33.3,0.0,0.0,0.0,0.0,0.0,0
12842,88.0,96.0,0.0,127.0,73.5,52.0,22.5,0.0,0.0,0.0,0.0,0.0,0.0,0.0,0.0,0.0,0.0,0.0,106.0,0.0,0.0,0.0,0.0,0.0,0.0,4.1,0.0,0.0,33.3,0.0,0.0,0.0,0.0,0.0,0
12842,93.0,94.0,0.0,116.0,72.0,54.0,17.0,0.0,0.0,0.0,0.5,0.0,0.0,0.0,0.0,0.0,0.0,0.0,0.0,0.0,0.0,0.0,0.0,0.0,0.0,0.0,0.0,0.0,0.0,0.0,0.0,0.0,0.0,0.0,0
12842,91.0,96.0,0.0,119.0,74.0,54.0,18.0,0.0,-1.0,0.0,0.0,7.39,37.0,0.0,0.0,0.0,0.0,0.0,0.0,0.0,0.0,0.0,2.5,0.0,0.0,0.0,0.0,0.0,0.0,0.0,0.0,0.0,0.0,0.0,0
12842,95.0,95.0,0.0,107.0,71.0,54.0,17.0,0.0,-1.0,0.0,0.0,7.39,0.0,0.0,0.0,0.0,0.0,0.0,0.0,0.0,0.0,0.0,2.5,0.0,0.0,0.0,0.0,0.0,0.0,0.0,0.0,0.0,0.0,0.0,0
12842,86.0,97.0,0.0,113.0,67.0,48.0,14.0,0.0,0.0,0.0,0.0,0.0,0.0,0.0,0.0,0.0,0.0,0.0,0.0,0.0,0.0,0.0,0.0,0.0,0.0,0.0,0.0,0.0,0.0,0.0,0.0,0.0,0.0,0.0,0
12842,88.0,96.0,0.0,110.0,68.0,51.0,15.0,0.0,0.0,0.0,0.5,0.0,0.0,0.0,0.0,0.0,0.0,0.0,0.0,0.0,0.0,0.0,0.0,0.0,0.0,0.0,0.0,0.0,0.0,0.0,0.0,0.0,0.0,0.0,0
12842,90.0,96.0,0.0,0.0,0.0,0.0,17.0,0.0,0.0,0.0,0.0,7.41,0.0,0.0,0.0,0.0,0.0,0.0,0.0,0.0,0.0,106.0,0.0,0.0,0.0,0.0,0.0,0.0,0.0,0.0,0.0,0.0,0.0,0.0,0
12842,90.0,97.0,0.0,110.5,68.0,51.0,15.0,0.0,0.0,0.0,0.0,7.41,0.0,0.0,0.0,0.0,0.0,0.0,0.0,0.0,0.0,0.0,0.0,0.0,0.0,0.0,0.0,0.0,0.0,0.0,0.0,0.0,0.0,0.0,0
12842,92.0,97.0,0.0,104.0,68.0,53.0,15.0,0.0,0.0,0.0,0.0,0.0,0.0,0.0,0.0,0.0,0.0,0.0,0.0,0.0,0.0,0.0,0.0,0.0,0.0,0.0,0.0,0.0,0.0,0.0,0.0,0.0,0.0,0.0,0
12842,98.0,97.0,0.0,105.0,69.0,53.0,9.0,0.0,0.0,0.0,0.5,0.0,0.0,0.0,0.0,0.0,0.0,0.0,0.0,0.0,0.0,0.0,0.0,0.0,0.0,0.0,0.0,0.0,0.0,0.0,0.0,0.0,0.0,0.0,0
12842,97.0,97.0,0.0,109.0,71.0,54.0,19.0,0.0,0.0,27.0,0.0,7.43,0.0,0.0,0.0,8.0,0.0,0.0,101.0,0.7,0.0,108.0,0.0,1.9,0.0,4.6,0.0,0.0,35.8,12.8,26.0,13.7,0.0,146.0,0
12842,93.0,97.0,0.0,97.0,66.0,55.0,11.0,0.0,0.0,27.0,0.0,7.43,0.0,0.0,0.0,8.0,0.0,0.0,101.0,0.0,0.0,0.0,0.0,1.9,0.0,4.6,0.0,0.0,35.8,12.8,0.0,13.7,0.0,0.0,0
12842,89.0,96.0,0.0,102.0,64.0,45.0,20.0,0.0,0.0,0.0,0.0,0.0,0.0,0.0,0.0,0.0,0.0,0.0,0.0,0.0,0.0,0.0,0.0,0.0,0.0,0.0,0.0,0.0,0.0,0.0,0.0,0.0,0.0,0.0,0
12842,80.0,97.0,0.0,102.0,66.0,52.0,17.0,0.0,0.0,0.0,0.0,0.0,0.0,0.0,0.0,0.0,0.0,0.0,0.0,0.0,0.0,0.0,0.0,0.0,0.0,0.0,0.0,0.0,0.0,0.0,0.0,0.0,0.0,0.0,0
12842,84.0,96.0,36.67,107.0,69.0,54.0,19.0,0.0,0.0,0.0,0.0,0.0,0.0,0.0,0.0,0.0,0.0,0.0,0.0,0.0,0.0,0.0,0.0,0.0,0.0,0.0,0.0,0.0,0.0,0.0,0.0,0.0,0.0,0.0,0
12842,79.0,92.0,0.0,118.0,78.0,63.0,19.0,0.0,0.0,0.0,0.0,0.0,0.0,0.0,0.0,0.0,0.0,0.0,0.0,0.0,0.0,0.0,0.0,0.0,0.0,0.0,0.0,0.0,0.0,0.0,0.0,0.0,0.0,0.0,0
12842,79.0,92.0,0.0,0.0,0.0,0.0,18.0,0.0,0.0,0.0,0.0,0.0,0.0,0.0,0.0,0.0,0.0,0.0,0.0,0.0,0.0,0.0,0.0,0.0,0.0,0.0,0.0,0.0,0.0,0.0,0.0,0.0,0.0,0.0,0
12842,81.0,94.0,0.0,0.0,65.0,0.0,19.0,0.0,0.0,0.0,0.0,0.0,0.0,0.0,0.0,0.0,0.0,0.0,0.0,0.0,0.0,0.0,0.0,0.0,0.0,0.0,0.0,0.0,0.0,0.0,0.0,0.0,0.0,0.0,0
12842,83.0,93.0,36.67,0.0,71.0,0.0,22.0,0.0,0.0,0.0,0.0,0.0,0.0,0.0,0.0,0.0,0.0,0.0,0.0,0.0,0.0,0.0,0.0,0.0,0.0,0.0,0.0,0.0,0.0,0.0,0.0,0.0,0.0,0.0,0
