13388,99.0,100.0,35.6,108.5,66.5,49.5,28.0,0.0,0.0,24.0,1.0,7.35,46.0,0.0,0.0,20.0,0.0,0.0,105.0,0.7,0.0,150.0,0.0,2.4,0.0,4.3,0.0,0.0,25.1,8.4,44.1,14.4,265.0,148.0,0
13388,109.0,100.0,35.7,89.0,54.0,42.0,31.0,0.0,0.0,0.0,0.7,7.3,56.0,64.0,0.0,0.0,0.0,0.0,0.0,0.0,0.0,0.0,0.0,0.0,0.0,0.0,0.0,0.0,0.0,0.0,0.0,0.0,0.0,0.0,0
13388,0.0,0.0,0.0,0.0,0.0,0.0,0.0,0.0,0.0,0.0,0.0,7.38,41.0,0.0,0.0,0.0,0.0,0.0,0.0,0.0,0.0,212.0,0.0,0.0,0.0,5.0,0.0,0.0,25.0,8.4,0.0,0.0,0.0,0.0,0
13388,103.0,100.0,36.0,132.5,84.5,62.5,20.0,0.0,0.0,0.0,0.7,7.28,58.0,82.0,0.0,0.0,0.0,0.0,0.0,0.0,0.0,166.0,0.0,1.9,0.0,4.7,0.0,0.0,29.4,0.0,36.7,0.0,0.0,147.0,0
13388,99.0,100.0,36.05,115.5,84.0,64.0,28.5,0.0,0.0,0.0,0.5,7.38,43.0,0.0,0.0,0.0,0.0,0.0,0.0,0.0,0.0,162.0,0.0,0.0,0.0,0.0,0.0,0.0,0.0,0.0,0.0,0.0,0.0,0.0,0
13388,95.0,100.0,36.05,131.0,78.0,57.0,14.0,0.0,0.0,0.0,0.5,0.0,0.0,0.0,0.0,0.0,0.0,0.0,0.0,0.0,0.0,0.0,0.0,0.0,0.0,0.0,0.0,0.0,0.0,0.0,0.0,0.0,0.0,0.0,0
13388,91.0,100.0,36.0,127.0,75.0,54.0,15.5,0.0,1.0,0.0,0.0,7.43,37.0,0.0,0.0,0.0,0.0,0.0,0.0,0.0,0.0,163.0,0.0,0.0,0.0,4.6,0.0,0.0,0.0,0.0,0.0,0.0,0.0,0.0,0
13388,96.0,100.0,36.2,127.0,85.0,66.0,16.5,0.0,0.0,0.0,0.4,0.0,0.0,0.0,0.0,0.0,0.0,0.0,0.0,0.0,0.0,148.0,0.0,0.0,0.0,0.0,0.0,0.0,0.0,0.0,0.0,0.0,0.0,0.0,0
13388,98.0,100.0,36.6,126.0,83.0,65.0,19.0,0.0,0.0,0.0,0.0,0.0,0.0,0.0,0.0,0.0,0.0,0.0,0.0,0.0,0.0,89.0,0.0,0.0,0.0,0.0,0.0,0.0,0.0,0.0,0.0,0.0,0.0,0.0,0
13388,101.0,100.0,37.2,114.0,82.0,66.0,20.5,0.0,0.0,0.0,0.4,0.0,0.0,0.0,0.0,0.0,0.0,0.0,0.0,0.0,0.0,143.0,0.0,0.0,0.0,0.0,0.0,0.0,0.0,0.0,0.0,0.0,0.0,0.0,0
13388,103.0,100.0,37.5,125.0,85.0,67.0,28.0,0.0,0.0,0.0,0.0,0.0,0.0,0.0,0.0,0.0,0.0,0.0,0.0,0.0,0.0,124.0,0.0,0.0,0.0,0.0,0.0,0.0,0.0,0.0,0.0,0.0,0.0,0.0,0
13388,108.0,100.0,37.9,125.0,86.0,67.0,36.0,0.0,4.0,26.0,0.0,7.44,41.0,98.0,0.0,17.0,0.0,10.1,104.0,0.8,0.0,127.0,0.0,1.9,4.8,4.5,0.0,0.0,28.9,10.5,40.1,10.1,0.0,180.0,0
13388,109.0,100.0,37.8,108.0,76.0,61.0,38.0,0.0,0.0,0.0,0.0,0.0,0.0,0.0,0.0,0.0,0.0,0.0,0.0,0.0,0.0,0.0,0.0,0.0,0.0,0.0,0.0,0.0,0.0,0.0,0.0,0.0,0.0,0.0,0
13388,105.5,100.0,37.8,110.0,77.0,62.0,14.0,0.0,0.0,0.0,0.4,0.0,0.0,0.0,0.0,0.0,0.0,0.0,0.0,0.0,0.0,94.0,0.0,0.0,0.0,0.0,0.0,0.0,0.0,0.0,0.0,0.0,0.0,0.0,0
13388,107.0,100.0,37.8,101.0,71.5,57.5,15.5,0.0,0.0,0.0,0.0,0.0,0.0,0.0,0.0,0.0,0.0,0.0,0.0,0.0,0.0,87.0,0.0,0.0,0.0,0.0,0.0,0.0,0.0,0.0,0.0,0.0,0.0,0.0,0
13388,108.0,99.0,38.0,89.0,65.0,55.0,21.0,0.0,0.0,0.0,0.0,0.0,0.0,0.0,0.0,0.0,0.0,0.0,0.0,0.0,0.0,55.0,0.0,0.0,0.0,0.0,0.0,0.0,0.0,0.0,0.0,0.0,0.0,0.0,0
13388,111.0,100.0,37.8,102.0,71.0,56.0,16.0,0.0,0.0,0.0,0.0,0.0,0.0,0.0,0.0,0.0,0.0,0.0,0.0,0.0,0.0,88.0,0.0,0.0,0.0,0.0,0.0,0.0,0.0,0.0,0.0,0.0,0.0,0.0,0
13388,113.0,100.0,37.7,99.0,70.0,56.0,23.0,0.0,0.0,0.0,0.4,0.0,0.0,0.0,0.0,0.0,0.0,0.0,0.0,0.0,0.0,0.0,0.0,0.0,0.0,0.0,0.0,0.0,0.0,0.0,0.0,0.0,0.0,0.0,0
13388,112.0,100.0,37.6,93.0,66.0,52.0,29.0,0.0,3.0,0.0,0.0,7.44,40.0,0.0,0.0,0.0,0.0,0.0,0.0,0.0,0.0,117.0,0.0,0.0,0.0,4.3,0.0,0.0,0.0,0.0,0.0,0.0,0.0,0.0,0
13388,117.0,99.0,37.5,113.0,79.0,61.0,51.0,0.0,3.0,0.0,0.0,7.43,41.0,0.0,0.0,0.0,0.0,0.0,0.0,0.0,0.0,169.0,0.0,0.0,0.0,0.0,0.0,0.0,0.0,0.0,0.0,0.0,0.0,0.0,0
13388,119.0,99.5,37.5,108.5,68.5,61.0,29.25,0.0,2.0,0.0,0.4,7.44,40.0,0.0,0.0,0.0,0.0,0.0,0.0,0.0,0.0,157.0,0.0,0.0,0.0,0.0,0.0,0.0,0.0,0.0,0.0,0.0,0.0,0.0,0
13388,115.0,100.0,37.4,96.0,68.0,54.0,29.0,0.0,2.0,0.0,0.0,7.42,43.0,0.0,0.0,0.0,0.0,0.0,0.0,0.0,0.0,161.0,0.0,0.0,0.0,0.0,0.0,0.0,0.0,0.0,0.0,0.0,0.0,0.0,0
13388,113.0,99.0,37.4,88.0,65.0,54.0,47.0,0.0,0.0,0.0,0.0,0.0,0.0,0.0,0.0,0.0,0.0,0.0,0.0,0.0,0.0,140.0,0.0,0.0,0.0,0.0,0.0,0.0,0.0,0.0,0.0,0.0,0.0,0.0,0
13388,113.0,99.0,37.3,90.0,63.0,51.0,36.0,0.0,0.0,0.0,0.0,0.0,0.0,0.0,0.0,0.0,0.0,0.0,0.0,0.0,0.0,141.0,0.0,0.0,0.0,0.0,0.0,0.0,0.0,0.0,0.0,0.0,0.0,0.0,0
13388,117.0,99.0,37.4,94.0,66.0,53.0,43.0,0.0,2.0,0.0,0.4,7.41,44.0,0.0,0.0,0.0,0.0,0.0,0.0,0.0,0.0,121.0,0.0,0.0,0.0,0.0,0.0,0.0,0.0,0.0,0.0,0.0,0.0,0.0,0
13388,123.0,97.0,37.6,94.0,66.0,52.0,47.0,0.0,0.0,0.0,0.0,0.0,0.0,0.0,0.0,0.0,0.0,0.0,0.0,0.0,0.0,114.0,0.0,0.0,0.0,0.0,0.0,0.0,0.0,0.0,0.0,0.0,0.0,0.0,0
13388,122.0,97.0,37.6,110.0,76.0,59.0,38.0,0.0,0.0,0.0,0.0,7.4,43.0,0.0,0.0,0.0,0.0,0.0,0.0,0.0,0.0,0.0,0.0,0.0,0.0,0.0,0.0,0.0,0.0,0.0,0.0,0.0,0.0,0.0,0
13388,125.0,99.0,37.7,108.0,77.0,61.0,27.0,0.0,0.0,0.0,0.0,0.0,0.0,0.0,0.0,0.0,0.0,0.0,0.0,0.0,0.0,99.0,0.0,0.0,0.0,0.0,0.0,0.0,0.0,0.0,0.0,0.0,0.0,0.0,0
13388,122.0,97.0,37.6,111.0,64.0,59.0,36.0,0.0,0.0,0.0,0.0,0.0,0.0,0.0,0.0,0.0,0.0,0.0,0.0,0.0,0.0,0.0,0.0,0.0,0.0,0.0,0.0,0.0,0.0,0.0,0.0,0.0,0.0,0.0,0
13388,127.0,97.0,36.0,113.0,80.0,61.0,34.0,0.0,0.0,25.0,0.4,0.0,0.0,0.0,0.0,13.0,0.0,9.1,103.0,0.7,0.0,151.0,0.0,1.9,6.6,4.7,0.0,0.0,27.5,0.0,0.0,0.0,0.0,0.0,0
13388,123.0,100.0,0.0,110.0,77.0,60.0,42.0,0.0,0.0,0.0,0.0,0.0,0.0,0.0,0.0,0.0,0.0,0.0,0.0,0.0,0.0,0.0,0.0,0.0,0.0,0.0,0.0,0.0,0.0,0.0,0.0,0.0,0.0,0.0,0
13388,121.0,98.0,0.0,104.5,68.0,57.0,28.0,0.0,0.0,0.0,0.0,0.0,0.0,0.0,0.0,0.0,0.0,0.0,0.0,0.0,0.0,0.0,0.0,0.0,0.0,0.0,0.0,0.0,0.0,0.0,0.0,0.0,0.0,0.0,0
13388,124.0,96.0,0.0,107.5,67.0,50.0,23.0,0.0,0.0,0.0,0.0,0.0,0.0,0.0,0.0,0.0,0.0,0.0,0.0,0.0,0.0,0.0,0.0,0.0,0.0,0.0,0.0,0.0,0.0,0.0,0.0,0.0,0.0,0.0,0
13388,121.0,97.0,36.72,115.0,77.33,58.0,29.0,0.0,0.0,0.0,0.4,0.0,0.0,0.0,0.0,0.0,0.0,0.0,0.0,0.0,0.0,0.0,0.0,0.0,0.0,0.0,0.0,0.0,0.0,0.0,0.0,0.0,0.0,0.0,0
13388,118.0,97.0,0.0,106.0,67.0,52.0,20.0,0.0,0.0,0.0,0.0,0.0,0.0,0.0,0.0,0.0,0.0,0.0,0.0,0.0,0.0,0.0,0.0,0.0,0.0,0.0,0.0,0.0,0.0,0.0,0.0,0.0,0.0,0.0,0
