13416,72.0,100.0,0.0,92.0,65.0,51.0,14.0,0.0,0.0,22.0,0.0,7.41,34.0,72.0,0.0,13.0,0.0,0.0,113.0,0.5,0.0,99.0,2.7,0.0,0.0,4.3,0.0,0.0,29.6,10.6,38.3,11.1,0.0,121.0,0
13416,70.5,100.0,0.0,94.5,65.0,49.5,13.0,0.0,0.0,22.0,1.0,7.44,32.0,97.0,0.0,13.0,0.0,0.0,113.0,0.0,0.0,109.0,0.0,0.0,0.0,4.3,0.0,0.0,29.6,10.6,0.0,11.1,0.0,0.0,0
13416,72.0,100.0,0.0,122.0,85.0,64.0,13.0,0.0,0.0,0.0,0.0,7.46,0.0,97.0,0.0,0.0,0.0,0.0,0.0,0.0,0.0,0.0,0.0,0.0,0.0,0.0,0.0,0.0,0.0,0.0,0.0,0.0,0.0,0.0,0
13416,75.0,100.0,0.0,110.0,79.0,58.0,15.0,0.0,-1.0,0.0,0.0,7.33,47.0,97.0,0.0,0.0,0.0,0.0,0.0,0.0,0.0,149.0,0.0,0.0,0.0,0.0,0.0,0.0,0.0,0.0,0.0,0.0,0.0,0.0,0
13416,79.0,100.0,0.0,126.0,86.0,61.0,23.0,0.0,-0.5,0.0,0.5,7.36,40.0,97.5,0.0,0.0,0.0,0.0,0.0,0.0,0.0,159.0,0.0,0.0,0.0,0.0,0.0,0.0,0.0,0.0,0.0,0.0,0.0,0.0,0
13416,85.0,96.0,0.0,94.0,64.0,48.0,21.0,0.0,0.0,0.0,0.0,7.38,0.0,98.0,0.0,0.0,0.0,0.0,0.0,0.0,0.0,0.0,0.0,0.0,0.0,0.0,0.0,0.0,0.0,0.0,0.0,0.0,0.0,0.0,0
13416,72.5,97.5,0.0,124.5,82.5,57.0,17.0,0.0,0.0,0.0,0.0,0.0,0.0,0.0,0.0,0.0,0.0,0.0,107.0,0.0,0.0,0.0,0.0,0.0,0.0,4.9,0.0,0.0,33.8,0.0,0.0,0.0,0.0,0.0,0
13416,81.0,96.0,0.0,112.0,73.0,53.0,16.0,0.0,0.0,0.0,0.0,0.0,0.0,0.0,0.0,0.0,0.0,0.0,107.0,0.0,0.0,0.0,0.0,0.0,0.0,4.9,0.0,0.0,33.8,0.0,0.0,0.0,0.0,0.0,0
13416,78.0,95.0,0.0,124.0,83.0,61.0,16.0,0.0,0.0,0.0,0.0,0.0,0.0,0.0,0.0,0.0,0.0,0.0,0.0,0.0,0.0,0.0,0.0,0.0,0.0,0.0,0.0,0.0,0.0,0.0,0.0,0.0,0.0,0.0,0
13416,79.0,95.0,0.0,112.0,73.0,54.0,20.0,0.0,0.0,0.0,0.0,0.0,0.0,0.0,0.0,0.0,0.0,0.0,0.0,0.0,0.0,0.0,0.0,0.0,0.0,0.0,0.0,0.0,0.0,0.0,0.0,0.0,0.0,0.0,0
13416,86.0,96.0,0.0,118.0,80.0,59.0,19.0,0.0,0.0,0.0,0.0,0.0,0.0,0.0,0.0,0.0,0.0,0.0,0.0,0.0,0.0,0.0,0.0,0.0,0.0,0.0,0.0,0.0,0.0,0.0,0.0,0.0,0.0,0.0,0
13416,84.0,98.0,0.0,121.0,79.0,59.0,14.0,0.0,0.0,0.0,0.0,0.0,0.0,0.0,0.0,0.0,0.0,0.0,0.0,0.0,0.0,0.0,0.0,0.0,0.0,0.0,0.0,0.0,0.0,0.0,0.0,0.0,0.0,0.0,0
13416,84.0,96.0,0.0,129.0,82.0,59.0,17.0,0.0,0.0,0.0,0.0,0.0,0.0,0.0,0.0,0.0,0.0,0.0,0.0,0.0,0.0,0.0,0.0,0.0,0.0,0.0,0.0,0.0,0.0,0.0,0.0,0.0,0.0,0.0,0
13416,85.0,96.0,0.0,122.0,77.0,55.0,15.0,0.0,0.0,25.0,0.0,7.41,0.0,0.0,0.0,11.0,0.0,0.0,103.0,0.6,0.0,144.0,0.0,0.0,0.0,4.1,0.0,0.0,30.5,10.8,0.0,14.9,0.0,114.0,0
13416,89.0,98.0,0.0,113.0,70.0,50.0,16.0,0.0,0.0,25.0,0.0,7.41,0.0,0.0,0.0,11.0,0.0,0.0,103.0,0.0,0.0,0.0,0.0,0.0,0.0,4.1,0.0,0.0,30.5,10.8,0.0,14.9,0.0,0.0,0
13416,87.0,91.0,0.0,113.0,67.0,46.0,16.0,0.0,0.0,0.0,0.5,0.0,0.0,0.0,0.0,0.0,0.0,0.0,0.0,0.0,0.0,0.0,0.0,0.0,0.0,0.0,0.0,0.0,0.0,0.0,0.0,0.0,0.0,0.0,0
13416,82.0,97.0,0.0,124.0,71.0,48.0,13.0,0.0,0.0,0.0,0.0,0.0,0.0,0.0,0.0,0.0,0.0,0.0,0.0,0.0,0.0,0.0,0.0,0.0,0.0,0.0,0.0,0.0,0.0,0.0,0.0,0.0,0.0,0.0,0
13416,89.0,97.0,0.0,144.0,85.0,58.0,18.0,0.0,0.0,0.0,0.0,0.0,0.0,0.0,0.0,0.0,0.0,0.0,0.0,0.0,0.0,0.0,0.0,0.0,0.0,0.0,0.0,0.0,0.0,0.0,0.0,0.0,0.0,0.0,0
13416,103.0,96.0,0.0,117.0,76.0,58.0,24.0,0.0,0.0,0.0,0.0,0.0,0.0,0.0,0.0,0.0,0.0,0.0,0.0,0.0,0.0,0.0,0.0,0.0,0.0,0.0,0.0,0.0,0.0,0.0,0.0,0.0,0.0,0.0,0
13416,77.0,96.0,0.0,102.0,67.0,51.0,15.0,0.0,0.0,0.0,0.0,0.0,0.0,0.0,0.0,0.0,0.0,0.0,0.0,0.0,0.0,0.0,0.0,0.0,0.0,0.0,0.0,0.0,0.0,0.0,0.0,0.0,0.0,0.0,0
13416,81.0,95.0,0.0,92.0,63.0,46.0,14.0,0.0,0.0,0.0,0.0,0.0,0.0,0.0,0.0,0.0,0.0,0.0,0.0,0.0,0.0,0.0,0.0,0.0,0.0,0.0,0.0,0.0,0.0,0.0,0.0,0.0,0.0,0.0,0
13416,80.0,95.0,0.0,110.0,67.5,55.0,15.0,0.0,0.0,0.0,0.0,0.0,0.0,0.0,0.0,0.0,0.0,0.0,0.0,0.0,0.0,0.0,0.0,0.0,0.0,0.0,0.0,0.0,0.0,0.0,0.0,0.0,0.0,0.0,0
13416,84.0,97.0,0.0,0.0,61.0,0.0,14.0,0.0,0.0,0.0,0.0,0.0,0.0,0.0,0.0,0.0,0.0,0.0,0.0,0.0,0.0,0.0,0.0,0.0,0.0,0.0,0.0,0.0,0.0,0.0,0.0,0.0,0.0,0.0,0
13416,78.0,97.0,0.0,0.0,75.0,0.0,16.0,0.0,0.0,0.0,0.0,0.0,0.0,0.0,0.0,0.0,0.0,0.0,0.0,0.0,0.0,0.0,0.0,0.0,0.0,0.0,0.0,0.0,0.0,0.0,0.0,0.0,0.0,0.0,0
13416,76.0,99.0,0.0,0.0,70.0,0.0,17.0,0.0,0.0,0.0,0.0,0.0,0.0,0.0,0.0,0.0,0.0,0.0,0.0,0.0,0.0,0.0,0.0,0.0,0.0,0.0,0.0,0.0,0.0,0.0,0.0,0.0,0.0,0.0,0
13416,81.0,97.0,0.0,0.0,71.0,0.0,17.0,0.0,0.0,0.0,0.0,0.0,0.0,0.0,0.0,0.0,0.0,0.0,0.0,0.0,0.0,0.0,0.0,0.0,0.0,0.0,0.0,0.0,0.0,0.0,0.0,0.0,0.0,0.0,0
