13896,89.5,100.0,0.0,0.0,0.0,0.0,29.0,0.0,8.0,27.0,0.0,7.48,43.0,0.0,0.0,11.0,0.0,8.8,92.0,0.6,0.0,164.0,0.0,1.4,3.2,3.7,0.0,0.0,30.0,9.8,0.0,7.4,0.0,331.0,0
13896,86.0,100.0,37.06,0.0,82.0,0.0,30.0,0.0,8.0,27.0,0.4,7.48,0.0,0.0,0.0,11.0,0.0,0.0,92.0,0.0,0.0,0.0,0.0,1.4,0.0,3.7,0.0,0.0,30.0,9.8,0.0,7.4,0.0,0.0,0
13896,74.0,100.0,0.0,0.0,74.0,0.0,24.0,0.0,0.0,0.0,0.0,0.0,0.0,0.0,0.0,0.0,0.0,0.0,0.0,0.0,0.0,0.0,0.0,0.0,0.0,0.0,0.0,0.0,0.0,0.0,0.0,0.0,0.0,0.0,0
13896,0.0,0.0,0.0,0.0,0.0,0.0,0.0,0.0,0.0,0.0,1.0,0.0,0.0,0.0,0.0,0.0,0.0,0.0,0.0,0.0,0.0,0.0,0.0,0.0,0.0,0.0,0.0,0.0,0.0,0.0,0.0,0.0,0.0,0.0,0
13896,0.0,0.0,0.0,0.0,0.0,0.0,0.0,0.0,-3.0,0.0,0.0,7.25,55.0,99.0,0.0,0.0,0.0,0.0,0.0,0.0,0.0,247.0,5.6,0.0,0.0,0.0,0.0,0.0,26.0,8.7,0.0,0.0,0.0,0.0,0
13896,0.0,0.0,0.0,0.0,0.0,0.0,0.0,0.0,0.0,0.0,0.0,0.0,0.0,0.0,0.0,0.0,0.0,0.0,0.0,0.0,0.0,0.0,0.0,0.0,0.0,0.0,0.0,0.0,0.0,0.0,0.0,0.0,0.0,0.0,0
13896,0.0,0.0,0.0,0.0,0.0,0.0,0.0,0.0,0.0,30.0,0.0,0.0,0.0,0.0,0.0,13.0,0.0,7.6,99.0,0.6,0.0,184.0,0.0,1.6,3.6,3.4,0.0,0.0,26.6,8.3,138.2,6.5,0.0,297.0,0
13896,68.5,100.0,36.78,135.5,97.0,46.5,20.0,0.0,6.0,30.0,0.8,7.45,44.0,98.0,0.0,13.0,0.0,0.0,99.0,0.0,0.0,0.0,1.0,1.6,0.0,3.4,0.0,0.0,26.6,8.3,0.0,6.5,0.0,0.0,0
13896,58.0,100.0,0.0,89.0,59.0,33.0,16.0,0.0,6.0,0.0,0.6,7.45,0.0,98.0,0.0,0.0,0.0,0.0,0.0,0.0,0.0,0.0,1.0,0.0,0.0,0.0,0.0,0.0,0.0,0.0,0.0,0.0,0.0,0.0,0
13896,59.0,100.0,0.0,105.0,69.0,37.0,16.0,0.0,0.0,0.0,0.5,0.0,0.0,0.0,0.0,0.0,0.0,0.0,0.0,0.0,0.0,0.0,0.0,0.0,0.0,0.0,0.0,0.0,0.0,0.0,0.0,0.0,0.0,0.0,0
13896,62.0,100.0,0.0,113.0,75.0,39.0,16.0,0.0,0.0,0.0,0.5,0.0,0.0,0.0,0.0,0.0,0.0,0.0,0.0,0.0,0.0,0.0,0.0,0.0,0.0,0.0,0.0,0.0,0.0,0.0,0.0,0.0,0.0,0.0,0
13896,61.0,100.0,36.67,114.0,71.0,32.0,17.0,0.0,5.0,0.0,0.5,7.45,42.0,98.0,0.0,0.0,0.0,0.0,0.0,0.0,0.0,0.0,0.0,0.0,0.0,0.0,0.0,0.0,0.0,0.0,0.0,0.0,0.0,0.0,0
13896,62.0,100.0,0.0,107.0,65.0,27.0,16.0,0.0,5.0,0.0,0.0,7.45,0.0,98.0,0.0,0.0,0.0,0.0,0.0,0.0,0.0,0.0,0.0,0.0,0.0,0.0,0.0,0.0,0.0,0.0,0.0,0.0,0.0,0.0,0
13896,64.0,100.0,0.0,118.0,73.0,30.0,16.0,0.0,0.0,0.0,0.5,0.0,0.0,0.0,0.0,0.0,0.0,0.0,0.0,0.0,0.0,0.0,0.0,0.0,0.0,0.0,0.0,0.0,0.0,0.0,0.0,0.0,0.0,0.0,0
13896,67.0,100.0,0.0,108.0,65.0,26.0,16.0,0.0,0.0,0.0,0.0,0.0,0.0,0.0,0.0,0.0,0.0,0.0,0.0,0.0,0.0,0.0,0.0,0.0,0.0,0.0,0.0,0.0,0.0,0.0,0.0,0.0,0.0,0.0,0
13896,65.0,100.0,0.0,101.0,69.0,39.0,16.0,0.0,0.0,27.0,0.0,0.0,0.0,0.0,26.0,14.0,55.0,7.4,100.0,0.5,0.0,112.0,0.0,2.6,3.2,4.0,0.3,0.0,24.1,7.6,150.0,6.0,0.0,236.0,0
13896,58.0,100.0,36.67,100.0,65.0,34.0,16.0,0.0,0.0,27.0,0.5,0.0,0.0,0.0,26.0,14.0,55.0,0.0,100.0,0.0,0.0,0.0,0.0,2.6,0.0,4.0,0.0,0.0,24.1,7.6,0.0,6.0,0.0,0.0,0
13896,57.0,100.0,0.0,111.0,71.0,36.0,16.0,0.0,0.0,0.0,0.0,0.0,0.0,0.0,0.0,0.0,0.0,0.0,0.0,0.0,0.0,0.0,0.0,0.0,0.0,0.0,0.0,0.0,0.0,0.0,0.0,0.0,0.0,0.0,0
13896,58.0,100.0,0.0,119.0,74.0,34.0,16.0,0.0,0.0,0.0,0.0,0.0,0.0,0.0,0.0,0.0,0.0,0.0,0.0,0.0,0.0,0.0,0.0,0.0,0.0,0.0,0.0,0.0,0.0,0.0,0.0,0.0,0.0,0.0,0
13896,59.0,100.0,36.39,122.0,77.0,36.0,16.0,0.0,0.0,0.0,0.5,0.0,0.0,0.0,0.0,0.0,0.0,0.0,0.0,0.0,0.0,0.0,0.0,0.0,0.0,0.0,0.0,0.0,0.0,0.0,0.0,0.0,0.0,0.0,0
13896,56.0,100.0,0.0,110.0,68.0,30.0,16.0,0.0,0.0,0.0,0.5,0.0,0.0,0.0,0.0,0.0,0.0,0.0,0.0,0.0,0.0,0.0,0.0,0.0,0.0,0.0,0.0,0.0,0.0,0.0,0.0,0.0,0.0,0.0,0
13896,57.0,100.0,0.0,127.0,79.0,34.0,16.0,0.0,0.0,0.0,0.0,0.0,0.0,0.0,0.0,0.0,0.0,0.0,0.0,0.0,0.0,0.0,0.0,0.0,0.0,0.0,0.0,0.0,26.5,0.0,0.0,0.0,0.0,0.0,0
13896,52.0,100.0,0.0,0.0,55.0,0.0,16.0,0.0,0.0,0.0,0.0,0.0,0.0,0.0,0.0,0.0,0.0,0.0,0.0,0.0,0.0,0.0,0.0,0.0,0.0,0.0,0.0,0.0,26.5,0.0,0.0,0.0,0.0,0.0,0
13896,69.0,100.0,36.33,0.0,68.0,0.0,16.0,0.0,0.0,0.0,0.5,0.0,0.0,0.0,0.0,0.0,0.0,0.0,0.0,0.0,0.0,0.0,0.0,0.0,0.0,0.0,0.0,0.0,0.0,0.0,0.0,0.0,0.0,0.0,0
13896,78.0,100.0,36.33,0.0,81.0,0.0,16.0,0.0,0.0,0.0,0.5,0.0,0.0,0.0,0.0,0.0,0.0,0.0,0.0,0.0,0.0,0.0,0.0,0.0,0.0,0.0,0.0,0.0,0.0,0.0,0.0,0.0,0.0,0.0,0
13896,63.0,100.0,36.44,0.0,64.0,0.0,16.0,0.0,0.0,0.0,0.0,0.0,0.0,0.0,0.0,0.0,0.0,0.0,0.0,0.0,0.0,0.0,0.0,0.0,0.0,0.0,0.0,0.0,0.0,0.0,0.0,0.0,0.0,0.0,0
13896,66.0,100.0,36.44,0.0,68.0,0.0,16.0,0.0,0.0,0.0,0.0,0.0,0.0,0.0,0.0,0.0,0.0,0.0,0.0,0.0,0.0,0.0,0.0,0.0,0.0,0.0,0.0,0.0,0.0,0.0,0.0,0.0,0.0,0.0,0
13896,66.0,100.0,36.5,0.0,67.0,0.0,16.0,0.0,0.0,30.0,0.5,0.0,0.0,0.0,0.0,16.0,0.0,8.0,100.0,0.6,0.0,97.0,0.0,2.3,3.5,4.1,0.0,0.0,34.1,11.0,27.0,10.1,0.0,275.0,0
13896,63.0,100.0,0.0,0.0,60.0,0.0,16.0,0.0,0.0,30.0,0.0,0.0,0.0,0.0,0.0,16.0,0.0,0.0,100.0,0.0,0.0,0.0,0.0,2.3,0.0,4.1,0.0,0.0,34.1,11.0,0.0,10.1,0.0,0.0,0
13896,62.0,100.0,0.0,0.0,64.0,0.0,16.0,0.0,0.0,0.0,0.0,0.0,0.0,0.0,0.0,0.0,0.0,0.0,0.0,0.0,0.0,0.0,0.0,0.0,0.0,0.0,0.0,0.0,0.0,0.0,0.0,0.0,0.0,0.0,0
13896,63.0,100.0,0.0,0.0,59.0,0.0,16.0,0.0,0.0,0.0,0.0,0.0,0.0,0.0,0.0,0.0,0.0,0.0,0.0,0.0,0.0,0.0,0.0,0.0,0.0,0.0,0.0,0.0,0.0,0.0,0.0,0.0,0.0,0.0,0
13896,64.0,100.0,36.72,0.0,57.5,0.0,16.5,0.0,0.0,0.0,0.5,0.0,0.0,0.0,0.0,0.0,0.0,0.0,0.0,0.0,0.0,0.0,0.0,0.0,0.0,0.0,0.0,0.0,0.0,0.0,0.0,0.0,0.0,0.0,0
13896,66.0,100.0,0.0,0.0,57.5,0.0,16.5,0.0,0.0,0.0,0.5,0.0,0.0,0.0,0.0,0.0,0.0,0.0,0.0,0.0,0.0,0.0,0.0,0.0,0.0,0.0,0.0,0.0,0.0,0.0,0.0,0.0,0.0,0.0,0
13896,65.0,100.0,0.0,0.0,57.5,0.0,16.0,0.0,0.0,0.0,0.0,0.0,0.0,0.0,0.0,0.0,0.0,0.0,0.0,0.0,0.0,0.0,0.0,0.0,0.0,0.0,0.0,0.0,0.0,0.0,0.0,0.0,0.0,0.0,0
13896,65.0,100.0,0.0,0.0,60.5,0.0,16.0,0.0,0.0,0.0,0.0,0.0,0.0,0.0,0.0,0.0,0.0,0.0,0.0,0.0,0.0,0.0,0.0,0.0,0.0,0.0,0.0,0.0,0.0,0.0,0.0,0.0,0.0,0.0,0
13896,79.0,100.0,36.83,0.0,79.5,0.0,16.0,0.0,0.0,0.0,0.5,0.0,0.0,0.0,0.0,0.0,0.0,0.0,0.0,0.0,0.0,0.0,0.0,0.0,0.0,0.0,0.0,0.0,0.0,0.0,0.0,0.0,0.0,0.0,0
13896,71.0,100.0,0.0,0.0,69.5,0.0,16.0,0.0,0.0,0.0,0.0,0.0,0.0,0.0,0.0,0.0,0.0,0.0,0.0,0.0,0.0,0.0,0.0,0.0,0.0,0.0,0.0,0.0,0.0,0.0,0.0,0.0,0.0,0.0,0
13896,78.0,100.0,0.0,0.0,76.5,0.0,16.0,0.0,0.0,0.0,0.0,0.0,0.0,0.0,0.0,0.0,0.0,0.0,0.0,0.0,0.0,0.0,0.0,0.0,0.0,0.0,0.0,0.0,0.0,0.0,0.0,0.0,0.0,0.0,0
