14209,136.0,0.0,37.83,137.0,98.0,76.0,24.0,0.0,0.0,0.0,0.5,7.37,0.0,0.0,0.0,0.0,0.0,0.0,0.0,0.0,0.0,0.0,3.0,0.0,0.0,0.0,0.0,0.0,29.5,10.2,0.0,0.0,140.0,0.0,0
14209,119.5,93.0,37.5,97.0,73.0,58.5,20.0,0.0,-1.0,25.0,1.0,7.33,51.5,0.0,913.0,26.0,64.0,10.0,106.0,0.8,12.0,211.0,3.0,2.1,4.1,5.3,13.2,0.0,31.7,11.2,46.9,15.0,152.0,115.0,0
14209,117.5,98.0,37.25,91.0,67.0,53.0,18.0,0.0,-2.0,25.0,0.7,7.29,51.0,0.0,913.0,26.0,64.0,0.0,106.0,0.0,12.0,0.0,3.0,2.1,0.0,5.3,0.0,0.0,31.7,11.2,0.0,15.0,152.0,0.0,0
14209,107.0,98.0,37.5,98.0,76.0,62.0,23.0,0.0,-2.0,0.0,0.5,7.34,42.0,71.0,0.0,0.0,0.0,0.0,0.0,0.0,0.0,0.0,0.0,0.0,0.0,0.0,0.0,0.0,34.0,11.4,0.0,0.0,0.0,0.0,0
14209,101.0,97.0,37.5,102.0,72.5,62.5,18.75,0.0,-2.0,0.0,0.5,7.35,0.0,0.0,0.0,0.0,0.0,0.0,0.0,0.0,0.0,0.0,0.0,0.0,0.0,0.0,0.0,0.0,0.0,0.0,0.0,0.0,0.0,0.0,0
14209,99.0,97.0,37.6,102.0,69.0,56.0,22.0,0.0,-1.0,0.0,0.4,7.38,39.0,0.0,0.0,0.0,0.0,0.0,0.0,0.0,0.0,190.0,0.0,0.0,0.0,0.0,0.0,0.0,0.0,0.0,0.0,0.0,0.0,0.0,0
14209,98.0,96.5,37.8,94.5,70.0,57.0,22.5,0.0,-1.0,0.0,0.0,7.38,0.0,0.0,0.0,0.0,0.0,0.0,0.0,0.0,0.0,0.0,0.0,0.0,0.0,0.0,0.0,0.0,0.0,0.0,0.0,0.0,0.0,0.0,0
14209,95.0,97.0,37.9,96.0,72.0,58.0,21.0,0.0,-2.0,0.0,0.4,7.4,33.0,0.0,0.0,0.0,0.0,0.0,0.0,0.0,0.0,146.0,0.0,0.0,0.0,0.0,0.0,0.0,0.0,0.0,0.0,0.0,0.0,0.0,0
14209,93.0,97.0,37.9,100.0,74.0,59.0,17.0,0.0,-2.0,0.0,0.0,7.4,0.0,0.0,0.0,0.0,0.0,0.0,0.0,0.0,0.0,0.0,0.0,0.0,0.0,0.0,0.0,0.0,0.0,0.0,0.0,0.0,0.0,0.0,0
14209,92.5,97.0,37.8,105.75,75.5,59.5,18.0,0.0,0.0,22.0,0.0,0.0,0.0,0.0,566.0,34.0,67.0,0.0,107.0,1.6,8.7,150.0,0.0,0.0,0.0,5.2,10.0,0.0,32.4,11.1,33.4,13.0,233.0,92.0,0
14209,93.5,97.0,37.5,100.0,69.0,54.0,18.0,0.0,0.0,22.0,0.0,0.0,0.0,0.0,566.0,34.0,67.0,0.0,107.0,0.0,8.7,0.0,0.0,0.0,0.0,5.2,0.0,0.0,32.4,11.1,0.0,13.0,233.0,0.0,0
14209,91.0,96.5,37.6,106.0,75.0,57.0,19.25,0.0,0.0,0.0,0.4,0.0,0.0,0.0,0.0,0.0,0.0,0.0,0.0,0.0,0.0,0.0,0.0,0.0,0.0,0.0,0.0,0.0,0.0,0.0,0.0,0.0,0.0,0.0,0
14209,95.0,97.0,37.6,93.0,68.0,53.0,18.0,0.0,0.0,0.0,0.0,0.0,0.0,0.0,0.0,0.0,0.0,0.0,0.0,0.0,0.0,0.0,0.0,0.0,0.0,0.0,0.0,0.0,0.0,0.0,0.0,0.0,0.0,0.0,0
14209,98.0,97.0,37.7,91.0,67.0,53.0,17.0,0.0,-2.0,0.0,0.0,7.42,31.0,0.0,0.0,0.0,0.0,0.0,0.0,0.0,0.0,102.0,0.0,0.0,0.0,0.0,0.0,0.0,0.0,0.0,0.0,0.0,0.0,0.0,0
14209,96.0,96.0,37.7,91.0,61.0,46.0,18.0,0.0,-2.0,0.0,0.5,7.42,0.0,0.0,0.0,0.0,0.0,0.0,0.0,0.0,0.0,0.0,0.0,0.0,0.0,0.0,0.0,0.0,0.0,0.0,0.0,0.0,0.0,0.0,0
14209,95.5,96.5,37.6,99.0,66.0,48.5,15.5,0.0,-1.0,0.0,0.0,7.42,33.0,0.0,0.0,0.0,0.0,0.0,0.0,0.0,0.0,107.0,0.0,0.0,0.0,0.0,0.0,0.0,0.0,0.0,0.0,0.0,0.0,0.0,0
14209,96.0,96.0,37.6,111.0,75.0,55.0,16.0,0.0,-1.0,22.0,0.0,7.42,0.0,0.0,314.0,41.0,53.0,0.0,108.0,1.7,3.0,131.0,0.0,0.0,0.0,5.2,3.8,0.0,24.1,8.5,34.1,7.2,223.0,50.0,0
14209,98.0,97.0,37.5,110.0,74.0,56.0,19.0,0.0,0.0,22.0,0.0,0.0,0.0,0.0,314.0,41.0,53.0,0.0,108.0,0.0,3.0,0.0,0.0,0.0,0.0,5.2,0.0,0.0,24.1,8.5,0.0,7.2,223.0,0.0,0
14209,94.0,94.0,37.5,116.0,78.0,57.0,0.0,0.0,0.0,0.0,0.0,0.0,0.0,0.0,0.0,0.0,0.0,0.0,0.0,0.0,0.0,0.0,0.0,0.0,0.0,0.0,0.0,0.0,0.0,0.0,0.0,0.0,0.0,0.0,0
14209,95.0,94.0,37.4,135.0,84.0,62.0,19.0,0.0,0.0,0.0,0.0,0.0,0.0,0.0,0.0,0.0,0.0,0.0,0.0,0.0,0.0,0.0,0.0,0.0,0.0,0.0,0.0,0.0,0.0,0.0,0.0,0.0,0.0,0.0,0
14209,92.0,95.0,37.6,145.0,93.0,65.0,20.0,0.0,0.0,0.0,0.0,0.0,0.0,0.0,0.0,0.0,0.0,0.0,0.0,0.0,0.0,0.0,0.0,0.0,0.0,0.0,0.0,0.0,0.0,0.0,0.0,0.0,0.0,0.0,0
14209,91.0,95.0,37.5,142.0,91.0,64.0,27.0,0.0,0.0,0.0,0.0,0.0,0.0,0.0,0.0,0.0,0.0,0.0,0.0,0.0,0.0,0.0,0.0,0.0,0.0,0.0,0.0,0.0,0.0,0.0,0.0,0.0,0.0,0.0,0
14209,85.0,97.0,37.5,146.0,94.0,68.0,23.0,0.0,0.0,0.0,0.0,0.0,0.0,0.0,0.0,0.0,0.0,0.0,0.0,0.0,0.0,0.0,0.0,0.0,0.0,0.0,0.0,0.0,0.0,0.0,0.0,0.0,0.0,0.0,0
14209,89.0,98.0,37.3,133.0,88.0,61.0,14.0,0.0,0.0,22.0,0.0,0.0,0.0,0.0,263.0,44.0,49.0,0.0,110.0,1.6,1.8,108.0,0.0,0.0,0.0,5.0,2.6,0.0,25.0,8.9,30.8,5.3,237.0,51.0,0
14209,87.0,97.0,37.2,129.0,86.0,60.0,15.0,0.0,0.0,22.0,0.0,0.0,0.0,0.0,263.0,44.0,49.0,0.0,110.0,0.0,1.8,0.0,0.0,0.0,0.0,5.0,0.0,0.0,25.0,8.9,0.0,5.3,237.0,0.0,0
14209,89.0,98.0,37.2,140.0,94.0,64.0,14.0,0.0,0.0,0.0,0.0,0.0,0.0,80.0,0.0,0.0,0.0,0.0,0.0,0.0,0.0,0.0,0.0,0.0,0.0,0.0,0.0,0.0,0.0,0.0,0.0,0.0,0.0,0.0,0
14209,88.0,97.0,37.2,137.0,92.0,64.0,14.0,0.0,0.0,0.0,0.0,0.0,0.0,0.0,0.0,0.0,0.0,0.0,0.0,0.0,0.0,0.0,0.0,0.0,0.0,0.0,0.0,0.0,26.5,0.0,0.0,0.0,0.0,55.0,0
14209,88.0,95.0,37.3,136.0,90.0,63.0,15.0,0.0,0.0,0.0,0.0,0.0,0.0,0.0,0.0,0.0,0.0,0.0,0.0,0.0,0.0,0.0,0.0,0.0,0.0,0.0,0.0,0.0,26.5,0.0,0.0,0.0,0.0,0.0,0
14209,90.0,94.5,37.3,112.0,74.0,54.0,19.0,0.0,0.0,0.0,0.0,0.0,0.0,0.0,0.0,0.0,0.0,0.0,0.0,0.0,0.0,96.0,0.0,0.0,0.0,0.0,0.0,0.0,26.5,0.0,0.0,0.0,0.0,63.0,0
14209,88.5,95.0,37.4,115.0,74.0,54.0,16.0,0.0,0.0,0.0,0.0,0.0,0.0,0.0,0.0,0.0,0.0,0.0,0.0,0.0,0.0,0.0,0.0,0.0,0.0,0.0,0.0,0.0,26.5,0.0,0.0,0.0,0.0,0.0,0
14209,90.0,95.0,37.4,102.0,67.0,49.0,17.0,0.0,0.0,0.0,0.0,0.0,0.0,0.0,0.0,0.0,0.0,0.0,0.0,0.0,0.0,0.0,0.0,0.0,0.0,0.0,0.0,0.0,0.0,0.0,0.0,0.0,0.0,0.0,0
14209,91.0,95.5,37.3,113.5,74.0,53.0,25.5,0.0,0.0,0.0,0.0,0.0,0.0,0.0,0.0,0.0,0.0,0.0,0.0,0.0,0.0,0.0,0.0,0.0,0.0,0.0,0.0,0.0,0.0,0.0,0.0,0.0,0.0,0.0,0
14209,86.0,93.0,37.4,117.0,78.0,56.0,16.0,0.0,0.0,21.0,0.0,0.0,0.0,0.0,300.0,42.0,45.0,7.3,111.0,1.2,2.3,100.0,0.0,1.6,4.9,4.6,3.2,0.0,28.8,10.1,0.0,4.8,266.0,60.0,0
14209,85.0,94.0,37.3,126.0,84.0,60.0,21.0,0.0,0.0,21.0,0.0,0.0,0.0,0.0,300.0,42.0,45.0,0.0,111.0,0.0,2.3,0.0,0.0,1.6,0.0,4.6,0.0,0.0,28.8,10.1,0.0,4.8,266.0,0.0,0
14209,87.5,94.5,37.3,147.0,102.5,75.5,21.0,0.0,0.0,0.0,0.0,0.0,0.0,0.0,0.0,0.0,0.0,0.0,0.0,0.0,0.0,0.0,0.0,0.0,0.0,0.0,0.0,0.0,0.0,0.0,0.0,0.0,0.0,0.0,0
14209,81.0,94.0,37.2,130.0,86.0,60.0,20.0,0.0,0.0,0.0,0.0,0.0,0.0,0.0,0.0,0.0,0.0,0.0,0.0,0.0,0.0,0.0,0.0,0.0,0.0,0.0,0.0,0.0,0.0,0.0,0.0,0.0,0.0,0.0,0
14209,83.0,95.0,37.1,136.0,89.0,61.0,15.0,0.0,0.0,0.0,0.0,0.0,0.0,0.0,0.0,0.0,0.0,0.0,0.0,0.0,0.0,0.0,0.0,0.0,0.0,0.0,0.0,0.0,0.0,0.0,0.0,0.0,0.0,0.0,0
14209,80.0,95.0,37.1,133.0,87.0,62.0,14.0,0.0,0.0,0.0,0.0,0.0,0.0,0.0,0.0,0.0,0.0,0.0,0.0,0.0,0.0,0.0,0.0,0.0,0.0,0.0,0.0,0.0,0.0,0.0,0.0,0.0,0.0,0.0,0
14209,77.0,95.0,37.1,136.0,90.0,63.0,14.0,0.0,0.0,21.0,0.0,0.0,0.0,0.0,454.0,40.0,56.0,7.9,105.0,1.2,0.0,151.0,0.0,2.2,5.0,5.1,0.0,0.0,30.2,10.8,0.0,5.4,0.0,56.0,0
14209,79.0,96.0,37.2,132.0,86.0,61.0,15.0,0.0,0.0,21.0,0.0,0.0,0.0,0.0,454.0,40.0,56.0,0.0,105.0,0.0,0.0,0.0,0.0,2.2,0.0,5.1,0.0,0.0,30.2,10.8,0.0,5.4,0.0,0.0,0
14209,81.0,96.0,37.2,142.0,92.0,65.0,20.0,0.0,0.0,0.0,0.0,0.0,0.0,0.0,0.0,0.0,0.0,0.0,0.0,0.0,0.0,0.0,0.0,0.0,0.0,0.0,0.0,0.0,0.0,0.0,0.0,0.0,0.0,0.0,0
14209,82.0,96.0,37.1,146.0,95.0,68.0,18.0,0.0,0.0,0.0,0.0,0.0,0.0,0.0,0.0,0.0,0.0,0.0,0.0,0.0,0.0,0.0,0.0,0.0,0.0,0.0,0.0,0.0,0.0,0.0,0.0,0.0,0.0,0.0,0
14209,76.0,96.0,37.1,144.0,95.0,66.0,21.0,0.0,0.0,0.0,0.0,0.0,0.0,0.0,0.0,0.0,0.0,0.0,0.0,0.0,0.0,0.0,0.0,0.0,0.0,0.0,0.0,0.0,0.0,0.0,0.0,0.0,0.0,0.0,0
