14285,0.0,0.0,0.0,0.0,0.0,0.0,0.0,0.0,0.0,0.0,0.0,0.0,0.0,0.0,0.0,0.0,0.0,0.0,0.0,0.0,0.0,0.0,0.0,0.0,0.0,0.0,0.0,0.0,0.0,0.0,0.0,0.0,0.0,0.0,0
14285,101.5,100.0,0.0,132.5,93.0,72.0,19.5,0.0,0.0,25.0,0.0,7.3,0.0,0.0,0.0,13.0,0.0,0.0,101.0,0.0,0.0,0.0,0.8,2.0,0.0,3.6,0.0,0.0,45.1,15.1,0.0,14.2,0.0,0.0,0
14285,94.0,100.0,37.5,120.0,80.0,64.0,19.0,0.0,0.0,0.0,0.0,0.0,0.0,0.0,0.0,0.0,0.0,0.0,0.0,0.0,0.0,0.0,0.0,0.0,0.0,0.0,0.0,0.0,0.0,0.0,0.0,0.0,0.0,0.0,0
14285,90.0,98.0,0.0,90.0,61.0,51.0,23.5,0.0,0.0,0.0,0.5,0.0,0.0,0.0,0.0,0.0,0.0,0.0,0.0,0.0,0.0,0.0,0.0,0.0,0.0,0.0,0.0,0.0,0.0,0.0,0.0,0.0,0.0,0.0,0
14285,88.0,100.0,0.0,94.0,65.0,54.0,22.0,0.0,0.0,0.0,0.0,0.0,0.0,0.0,0.0,0.0,0.0,0.0,0.0,0.0,0.0,0.0,0.0,0.0,0.0,0.0,0.0,0.0,0.0,0.0,0.0,0.0,0.0,0.0,0
14285,91.0,100.0,0.0,102.0,69.0,56.0,12.0,0.0,0.0,0.0,0.4,0.0,0.0,0.0,0.0,0.0,0.0,0.0,0.0,0.0,0.0,0.0,0.0,0.0,0.0,0.0,0.0,0.0,0.0,0.0,0.0,0.0,0.0,0.0,0
14285,93.0,97.0,38.11,95.0,64.0,53.0,13.0,0.0,0.0,0.0,0.4,0.0,0.0,0.0,0.0,0.0,0.0,0.0,0.0,0.0,0.0,0.0,0.0,0.0,0.0,0.0,0.0,0.0,0.0,0.0,0.0,0.0,0.0,0.0,0
14285,99.0,96.0,0.0,114.0,76.0,60.0,14.0,0.0,0.0,25.0,0.0,7.33,50.0,0.0,0.0,17.0,0.0,7.9,104.0,2.4,0.0,145.0,1.0,1.6,4.0,3.9,0.0,0.0,41.2,13.4,0.0,10.3,0.0,277.0,0
14285,94.0,98.0,0.0,92.0,63.0,54.0,10.5,0.0,0.0,25.0,0.4,7.33,0.0,0.0,0.0,17.0,0.0,0.0,104.0,0.0,0.0,0.0,1.0,1.6,0.0,3.9,0.0,0.0,41.2,13.4,0.0,10.3,0.0,0.0,0
14285,87.0,98.0,0.0,94.0,66.0,55.0,12.0,0.0,0.0,0.0,0.0,0.0,0.0,0.0,0.0,0.0,0.0,0.0,0.0,0.0,0.0,0.0,0.0,0.0,0.0,0.0,0.0,0.0,0.0,0.0,0.0,0.0,0.0,0.0,1
14285,91.0,96.0,37.72,87.5,63.0,54.0,14.5,0.0,0.0,0.0,0.4,0.0,0.0,0.0,0.0,0.0,0.0,0.0,0.0,0.0,0.0,0.0,0.0,0.0,0.0,0.0,0.0,0.0,0.0,0.0,0.0,0.0,0.0,0.0,1
14285,91.0,96.0,0.0,107.0,75.0,62.0,9.5,0.0,0.0,0.0,0.4,0.0,0.0,0.0,0.0,0.0,0.0,0.0,0.0,0.0,0.0,0.0,0.0,0.0,0.0,0.0,0.0,0.0,0.0,0.0,0.0,0.0,0.0,0.0,1
14285,93.0,98.0,0.0,87.0,76.0,66.0,12.0,0.0,0.0,0.0,0.0,0.0,0.0,0.0,0.0,0.0,0.0,0.0,0.0,0.0,0.0,0.0,0.0,0.0,0.0,0.0,0.0,0.0,0.0,0.0,0.0,0.0,0.0,0.0,1
14285,96.0,94.0,0.0,94.0,75.0,64.0,11.5,0.0,0.0,0.0,0.4,0.0,0.0,0.0,0.0,0.0,0.0,0.0,0.0,0.0,0.0,0.0,0.0,0.0,0.0,0.0,0.0,0.0,0.0,0.0,0.0,0.0,0.0,0.0,1
14285,104.0,90.0,37.61,65.0,62.0,55.0,23.0,0.0,0.0,0.0,0.0,0.0,0.0,0.0,0.0,0.0,0.0,0.0,0.0,0.0,0.0,0.0,0.0,0.0,0.0,0.0,0.0,0.0,0.0,0.0,0.0,0.0,0.0,0.0,1
14285,98.0,95.0,0.0,84.0,93.0,72.0,23.0,0.0,0.0,0.0,0.0,0.0,0.0,0.0,0.0,0.0,0.0,0.0,0.0,0.0,0.0,0.0,0.0,0.0,0.0,0.0,0.0,0.0,0.0,0.0,0.0,0.0,0.0,0.0,1
14285,110.0,75.0,0.0,99.0,68.0,47.0,7.0,0.0,0.0,25.0,0.0,0.0,0.0,0.0,0.0,23.0,0.0,8.1,104.0,3.4,0.0,109.0,0.0,2.1,6.7,4.4,0.0,0.0,40.1,13.0,0.0,13.7,0.0,275.0,1
14285,99.0,96.0,0.0,105.0,71.0,61.0,16.0,0.0,0.0,25.0,0.4,0.0,0.0,0.0,0.0,23.0,0.0,0.0,104.0,0.0,0.0,0.0,0.0,2.1,0.0,4.4,0.0,0.0,40.1,13.0,0.0,13.7,0.0,0.0,1
14285,105.0,98.0,0.0,84.0,61.0,50.0,14.0,0.0,0.0,0.0,0.0,0.0,0.0,0.0,0.0,0.0,0.0,0.0,0.0,0.0,0.0,0.0,0.0,0.0,0.0,0.0,0.0,0.0,0.0,0.0,0.0,0.0,0.0,0.0,1
