14486,88.0,100.0,36.39,102.0,70.0,59.0,16.0,0.0,1.0,27.0,0.75,7.35,0.0,0.0,0.0,15.0,0.0,0.0,111.0,0.0,0.0,0.0,0.0,0.0,0.0,4.6,0.0,0.0,36.6,12.2,0.0,10.6,0.0,0.0,0
14486,88.0,100.0,0.0,105.5,71.5,58.0,15.5,0.0,0.0,0.0,0.0,0.0,0.0,0.0,0.0,0.0,0.0,0.0,110.0,0.0,0.0,0.0,0.0,0.0,0.0,5.4,0.0,0.0,40.0,0.0,0.0,0.0,0.0,0.0,0
14486,87.5,100.0,36.39,110.5,75.5,61.0,16.0,0.0,-2.5,0.0,0.5,7.26,54.5,96.0,0.0,0.0,0.0,0.0,110.0,0.0,0.0,0.0,0.0,0.0,0.0,5.4,0.0,0.0,40.0,0.0,0.0,0.0,0.0,0.0,0
14486,83.0,100.0,0.0,129.0,89.0,71.0,17.0,0.0,-2.5,0.0,0.5,7.26,0.0,96.0,0.0,0.0,0.0,0.0,0.0,0.0,0.0,0.0,0.0,0.0,0.0,0.0,0.0,0.0,0.0,0.0,0.0,0.0,0.0,0.0,0
14486,79.0,99.0,37.06,121.0,77.0,63.0,14.0,0.0,-3.0,0.0,0.0,7.36,38.0,98.0,0.0,0.0,0.0,0.0,0.0,0.0,0.0,0.0,0.0,0.0,0.0,0.0,0.0,0.0,0.0,0.0,0.0,0.0,0.0,0.0,0
14486,86.0,98.0,0.0,132.0,89.0,72.0,19.0,0.0,-2.5,0.0,0.0,7.34,47.0,98.0,0.0,0.0,0.0,0.0,0.0,0.0,0.0,117.0,0.0,0.0,0.0,0.0,0.0,0.0,0.0,0.0,0.0,0.0,0.0,0.0,0
14486,86.0,99.0,0.0,119.0,78.0,61.0,13.0,0.0,-2.0,0.0,0.0,7.32,0.0,98.0,0.0,0.0,0.0,0.0,0.0,0.0,0.0,0.0,0.0,0.0,0.0,0.0,0.0,0.0,0.0,0.0,0.0,0.0,0.0,0.0,0
14486,87.0,99.0,36.83,111.0,75.0,59.0,13.0,0.0,0.0,0.0,0.5,7.31,54.0,98.0,0.0,0.0,0.0,0.0,109.0,0.0,0.0,112.0,0.0,2.1,2.2,4.8,0.0,0.0,0.0,0.0,0.0,0.0,0.0,0.0,0
14486,84.0,99.0,0.0,110.0,78.0,61.0,13.0,0.0,0.0,0.0,0.0,7.31,0.0,98.0,0.0,0.0,0.0,0.0,109.0,0.0,0.0,0.0,0.0,2.1,0.0,4.8,0.0,0.0,0.0,0.0,0.0,0.0,0.0,0.0,0
14486,74.0,100.0,0.0,112.0,76.0,58.0,18.0,0.0,0.0,0.0,0.4,0.0,0.0,0.0,0.0,0.0,0.0,0.0,0.0,0.0,0.0,0.0,0.0,0.0,0.0,0.0,0.0,0.0,0.0,0.0,0.0,0.0,0.0,0.0,0
14486,76.0,100.0,0.0,114.0,77.0,59.0,19.0,0.0,0.0,0.0,0.0,0.0,0.0,0.0,0.0,0.0,0.0,0.0,0.0,0.0,0.0,0.0,0.0,0.0,0.0,0.0,0.0,0.0,0.0,0.0,0.0,0.0,0.0,0.0,0
14486,76.0,100.0,37.0,122.0,80.0,61.0,18.5,0.0,0.0,0.0,0.4,0.0,0.0,0.0,0.0,0.0,0.0,0.0,0.0,0.0,0.0,0.0,0.0,0.0,0.0,0.0,0.0,0.0,0.0,0.0,0.0,0.0,0.0,0.0,0
14486,75.0,100.0,0.0,104.0,68.0,51.0,18.0,0.0,0.0,26.0,0.4,7.4,43.0,94.0,0.0,13.0,0.0,0.0,105.0,0.8,0.0,124.5,1.1,0.0,0.0,4.0,0.0,0.0,35.3,11.7,0.0,10.4,0.0,162.0,0
14486,93.0,96.0,0.0,123.0,77.0,62.0,15.0,0.0,0.0,26.0,0.5,7.4,0.0,94.0,0.0,13.0,0.0,0.0,105.0,0.0,0.0,0.0,1.1,0.0,0.0,4.0,0.0,0.0,35.3,11.7,0.0,10.4,0.0,0.0,0
14486,91.0,95.0,0.0,98.0,63.0,45.0,19.0,0.0,0.0,0.0,0.0,0.0,0.0,0.0,0.0,0.0,0.0,0.0,0.0,0.0,0.0,0.0,0.0,0.0,0.0,0.0,0.0,0.0,0.0,0.0,0.0,0.0,0.0,0.0,0
14486,85.0,98.0,37.22,109.0,72.0,57.0,16.0,0.0,0.0,0.0,0.5,7.38,43.0,98.0,0.0,0.0,0.0,0.0,0.0,0.0,0.0,68.0,0.8,0.0,0.0,0.0,0.0,0.0,0.0,0.0,0.0,0.0,0.0,0.0,0
14486,80.0,98.0,0.0,111.0,72.0,56.0,16.0,0.0,0.0,0.0,0.04,7.38,0.0,98.0,0.0,0.0,0.0,0.0,0.0,0.0,0.0,0.0,0.8,0.0,0.0,0.0,0.0,0.0,0.0,0.0,0.0,0.0,0.0,0.0,0
14486,85.0,98.0,0.0,104.5,66.0,49.0,16.0,0.0,0.0,0.0,0.0,0.0,0.0,0.0,0.0,0.0,0.0,0.0,0.0,0.0,0.0,0.0,0.0,0.0,0.0,0.0,0.0,0.0,0.0,0.0,0.0,0.0,0.0,0.0,0
14486,93.5,95.0,0.0,124.0,73.5,55.0,19.0,0.0,0.0,0.0,0.0,0.0,0.0,0.0,0.0,0.0,0.0,0.0,0.0,0.0,0.0,0.0,0.0,0.0,0.0,0.0,0.0,0.0,0.0,0.0,0.0,0.0,0.0,0.0,0
14486,94.5,96.5,36.56,127.0,75.5,55.5,18.5,0.0,0.0,0.0,0.0,0.0,0.0,0.0,0.0,0.0,0.0,7.6,104.0,0.0,0.0,173.0,0.0,1.7,0.0,4.2,0.0,0.0,0.0,0.0,0.0,0.0,0.0,0.0,0
14486,89.0,96.0,0.0,138.0,85.0,63.0,20.0,0.0,0.0,0.0,0.0,7.38,0.0,0.0,0.0,0.0,0.0,0.0,104.0,0.0,0.0,0.0,0.0,1.7,0.0,4.2,0.0,0.0,0.0,0.0,0.0,0.0,0.0,0.0,0
14486,85.5,96.5,0.0,0.0,65.5,0.0,17.5,0.0,0.0,0.0,0.0,0.0,0.0,0.0,0.0,0.0,0.0,0.0,0.0,0.0,0.0,0.0,0.0,0.0,0.0,0.0,0.0,0.0,0.0,0.0,0.0,0.0,0.0,0.0,0
14486,86.5,94.5,0.0,0.0,75.5,0.0,16.5,0.0,0.0,0.0,0.0,0.0,0.0,0.0,0.0,0.0,0.0,0.0,0.0,0.0,0.0,0.0,0.0,0.0,0.0,0.0,0.0,0.0,0.0,0.0,0.0,0.0,0.0,0.0,0
