14745,66.0,100.0,35.72,156.0,85.33,0.0,24.5,0.0,0.0,0.0,1.0,0.0,0.0,0.0,0.0,0.0,0.0,0.0,0.0,0.0,0.0,0.0,0.0,0.0,0.0,0.0,0.0,0.0,0.0,0.0,0.0,0.0,0.0,0.0,0
14745,89.0,100.0,0.0,131.0,69.0,0.0,25.5,0.0,0.0,0.0,0.0,0.0,0.0,0.0,0.0,0.0,0.0,0.0,0.0,0.0,0.0,0.0,0.0,0.0,0.0,0.0,0.0,0.0,0.0,0.0,0.0,0.0,0.0,0.0,0
14745,97.5,100.0,37.33,140.25,74.33,60.0,22.5,0.0,-2.0,0.0,1.0,7.42,31.0,0.0,0.0,0.0,0.0,0.0,0.0,0.0,0.0,208.0,0.0,0.0,0.0,0.0,0.0,0.0,0.0,0.0,0.0,0.0,0.0,0.0,0
14745,101.5,100.0,38.67,190.5,87.0,71.0,20.0,0.0,0.0,0.0,0.5,0.0,0.0,0.0,0.0,0.0,0.0,0.0,0.0,0.0,0.0,0.0,0.0,0.0,0.0,0.0,0.0,0.0,0.0,0.0,0.0,0.0,0.0,0.0,0
14745,117.0,100.0,39.28,181.5,89.0,70.0,19.0,0.0,-1.0,23.0,0.5,7.4,35.0,0.0,0.0,0.0,0.0,8.8,111.0,0.0,0.0,193.5,0.0,1.8,2.4,4.4,0.0,0.0,40.6,14.1,0.0,10.8,0.0,246.0,0
14745,131.0,100.0,39.67,165.0,93.5,67.5,19.5,0.0,0.0,0.0,0.0,0.0,0.0,0.0,0.0,0.0,0.0,0.0,0.0,0.0,0.0,0.0,0.0,0.0,0.0,0.0,0.0,0.0,0.0,0.0,0.0,0.0,0.0,0.0,0
14745,136.0,100.0,38.97,196.0,110.0,78.0,18.0,0.0,0.0,0.0,0.4,0.0,0.0,0.0,0.0,0.0,0.0,0.0,0.0,0.0,0.0,0.0,0.0,0.0,0.0,0.0,0.0,0.0,0.0,0.0,0.0,0.0,0.0,0.0,0
14745,137.5,100.0,38.56,138.5,78.0,52.0,14.0,0.0,-2.0,0.0,0.4,7.28,53.0,0.0,0.0,0.0,0.0,0.0,0.0,0.0,0.0,0.0,0.0,0.0,0.0,0.0,0.0,0.0,0.0,0.0,0.0,0.0,0.0,0.0,0
14745,102.5,100.0,36.78,76.0,42.5,40.0,18.0,0.0,0.0,0.0,0.0,0.0,0.0,0.0,0.0,0.0,0.0,0.0,0.0,0.0,0.0,0.0,0.0,0.0,0.0,0.0,0.0,0.0,0.0,0.0,0.0,0.0,0.0,0.0,0
14745,100.0,100.0,35.39,128.0,72.67,64.0,18.0,0.0,0.0,26.0,0.0,0.0,0.0,0.0,0.0,9.0,0.0,0.0,110.0,0.9,0.0,248.0,0.0,0.0,0.0,3.8,0.0,0.0,0.0,0.0,0.0,0.0,0.0,0.0,0
14745,96.0,100.0,35.56,82.0,50.67,43.0,18.0,0.0,0.0,0.0,0.4,7.42,38.0,0.0,0.0,0.0,0.0,0.0,0.0,0.0,0.0,0.0,0.0,0.0,0.0,0.0,0.0,0.0,0.0,0.0,0.0,0.0,0.0,0.0,0
14745,94.0,100.0,35.94,125.0,65.33,72.0,18.0,0.0,0.0,0.0,0.4,0.0,0.0,0.0,0.0,0.0,0.0,0.0,0.0,0.0,0.0,0.0,0.0,0.0,0.0,0.0,0.0,0.0,0.0,0.0,0.0,0.0,0.0,0.0,0
14745,90.5,100.0,0.0,126.5,70.0,60.0,18.0,0.0,3.0,0.0,0.4,7.48,35.0,0.0,0.0,0.0,0.0,0.0,0.0,0.0,0.0,0.0,4.2,0.0,0.0,3.5,0.0,0.0,0.0,0.0,0.0,0.0,0.0,0.0,0
14745,91.0,100.0,36.17,113.0,53.67,61.0,18.0,0.0,0.0,0.0,0.0,0.0,0.0,0.0,0.0,0.0,0.0,0.0,0.0,0.0,0.0,0.0,0.0,0.0,0.0,0.0,0.0,0.0,0.0,0.0,0.0,0.0,0.0,0.0,0
14745,91.0,100.0,36.39,118.0,67.67,55.0,18.0,0.0,0.0,0.0,0.4,0.0,0.0,0.0,0.0,0.0,0.0,0.0,0.0,0.0,0.0,0.0,0.0,0.0,0.0,0.0,0.0,0.0,0.0,0.0,0.0,0.0,0.0,0.0,0
14745,92.0,100.0,37.0,107.0,63.67,49.0,18.0,0.0,4.0,28.0,0.4,7.5,35.0,0.0,33.0,9.0,56.0,7.5,112.0,0.6,0.0,73.0,1.8,1.3,1.6,3.3,0.7,0.0,28.9,10.3,28.6,5.2,310.0,156.0,0
14745,92.0,100.0,37.33,101.0,58.0,44.0,14.0,0.0,0.0,0.0,0.0,0.0,0.0,0.0,0.0,0.0,0.0,0.0,0.0,0.0,0.0,0.0,0.0,0.0,0.0,0.0,0.0,0.0,0.0,0.0,0.0,0.0,0.0,0.0,0
14745,93.0,100.0,37.22,104.0,62.33,47.0,14.0,0.0,0.0,0.0,0.0,0.0,0.0,0.0,0.0,0.0,0.0,0.0,0.0,0.0,0.0,0.0,0.0,0.0,0.0,0.0,0.0,0.0,0.0,0.0,0.0,0.0,0.0,0.0,0
14745,93.0,100.0,37.22,103.0,60.33,48.0,14.0,0.0,0.0,0.0,0.0,0.0,0.0,0.0,0.0,0.0,0.0,0.0,0.0,0.0,0.0,0.0,0.0,0.0,0.0,0.0,0.0,0.0,0.0,0.0,0.0,0.0,0.0,0.0,0
14745,96.0,100.0,37.28,124.0,75.67,56.0,14.0,0.0,1.0,0.0,0.4,7.42,40.0,0.0,0.0,0.0,0.0,0.0,0.0,0.0,0.0,88.0,1.4,0.0,0.0,3.5,0.0,0.0,0.0,0.0,0.0,0.0,0.0,0.0,0
14745,97.0,100.0,37.28,112.0,66.0,50.0,14.0,0.0,0.0,0.0,0.0,0.0,0.0,0.0,0.0,0.0,0.0,0.0,0.0,0.0,0.0,0.0,0.0,0.0,0.0,0.0,0.0,0.0,0.0,0.0,0.0,0.0,0.0,0.0,0
14745,98.0,100.0,37.28,103.0,65.0,48.0,14.0,0.0,0.0,0.0,0.0,0.0,0.0,0.0,0.0,0.0,0.0,0.0,0.0,0.0,0.0,0.0,0.0,0.0,0.0,0.0,0.0,0.0,0.0,0.0,0.0,0.0,0.0,0.0,0
14745,97.0,100.0,37.33,105.5,65.0,51.0,14.0,0.0,0.0,0.0,0.0,0.0,0.0,0.0,0.0,0.0,0.0,0.0,0.0,0.0,0.0,0.0,0.0,0.0,0.0,0.0,0.0,0.0,0.0,0.0,0.0,0.0,0.0,0.0,0
14745,96.0,100.0,36.72,106.5,67.0,49.0,14.0,0.0,0.0,0.0,0.4,0.0,0.0,0.0,0.0,0.0,0.0,0.0,0.0,0.0,0.0,0.0,0.0,0.0,0.0,0.0,0.0,0.0,0.0,0.0,0.0,0.0,0.0,0.0,0
14745,102.5,99.5,37.28,117.5,71.0,52.5,14.0,0.0,0.0,0.0,0.0,0.0,0.0,0.0,0.0,0.0,0.0,0.0,0.0,0.0,0.0,0.0,0.0,0.0,0.0,0.0,0.0,0.0,0.0,0.0,0.0,0.0,0.0,0.0,0
14745,98.0,99.0,37.28,111.0,69.0,51.0,14.0,0.0,0.0,0.0,0.0,0.0,0.0,0.0,0.0,0.0,0.0,0.0,0.0,0.0,0.0,0.0,0.0,0.0,0.0,0.0,0.0,0.0,0.0,0.0,0.0,0.0,0.0,0.0,0
14745,101.0,99.0,37.28,111.0,68.0,51.0,14.0,0.0,0.0,0.0,0.4,0.0,0.0,0.0,0.0,0.0,0.0,0.0,0.0,0.0,0.0,0.0,0.0,0.0,0.0,0.0,0.0,0.0,0.0,0.0,0.0,0.0,0.0,0.0,0
14745,100.0,99.0,36.83,106.0,66.0,50.0,14.0,0.0,0.0,0.0,0.0,0.0,0.0,0.0,0.0,0.0,0.0,0.0,0.0,0.0,0.0,0.0,0.0,0.0,0.0,0.0,0.0,0.0,0.0,0.0,0.0,0.0,0.0,0.0,0
14745,100.5,99.0,37.31,108.0,67.5,50.0,14.0,0.0,0.0,0.0,0.0,0.0,0.0,0.0,0.0,0.0,0.0,0.0,0.0,0.0,0.0,0.0,0.0,0.0,0.0,0.0,0.0,0.0,0.0,0.0,0.0,0.0,0.0,0.0,0
14745,102.0,99.0,37.39,121.0,73.0,53.0,14.0,0.0,0.0,0.0,0.0,0.0,0.0,0.0,0.0,0.0,0.0,0.0,0.0,0.0,0.0,0.0,0.0,0.0,0.0,0.0,0.0,0.0,0.0,0.0,0.0,0.0,0.0,0.0,0
14745,114.0,96.0,37.39,169.5,99.5,69.0,14.0,0.0,0.0,29.0,0.0,7.36,47.0,0.0,0.0,7.0,0.0,9.1,113.0,0.8,0.0,111.0,1.5,1.9,2.0,3.7,0.0,0.0,36.2,12.6,0.0,7.8,0.0,157.0,0
14745,105.0,98.0,37.17,102.0,65.0,51.0,16.5,0.0,0.0,0.0,0.5,0.0,0.0,0.0,0.0,0.0,0.0,0.0,0.0,0.0,0.0,0.0,0.0,0.0,0.0,0.0,0.0,0.0,0.0,0.0,0.0,0.0,0.0,0.0,0
14745,92.0,100.0,36.94,108.5,66.0,55.0,16.0,0.0,2.0,0.0,0.0,7.44,38.0,0.0,0.0,0.0,0.0,0.0,0.0,0.0,0.0,90.0,0.0,0.0,0.0,0.0,0.0,0.0,0.0,0.0,0.0,0.0,0.0,0.0,0
14745,92.0,99.0,36.89,105.0,60.0,45.0,16.0,0.0,0.0,0.0,0.0,0.0,0.0,0.0,0.0,0.0,0.0,0.0,0.0,0.0,0.0,0.0,0.0,0.0,0.0,0.0,0.0,0.0,0.0,0.0,0.0,0.0,0.0,0.0,0
14745,94.0,98.0,36.89,102.5,58.0,45.0,16.0,0.0,0.0,0.0,0.0,0.0,0.0,0.0,0.0,0.0,0.0,0.0,0.0,0.0,0.0,0.0,0.0,0.0,0.0,0.0,0.0,0.0,0.0,0.0,0.0,0.0,0.0,0.0,0
