15022,87.5,99.5,34.8,89.25,70.0,57.0,16.0,0.0,-4.0,22.0,1.0,7.31,44.0,0.0,0.0,21.0,0.0,0.0,114.0,0.0,0.0,127.0,0.0,0.0,0.0,0.0,0.0,0.0,23.8,7.9,0.0,16.1,0.0,0.0,0
15022,88.5,99.0,35.1,104.25,75.0,60.25,16.0,0.0,-3.0,0.0,0.0,7.31,48.0,97.0,0.0,0.0,0.0,0.0,0.0,0.0,0.0,109.0,2.4,0.0,0.0,0.0,0.0,0.0,26.0,8.7,0.0,19.5,0.0,176.0,0
15022,87.0,100.0,36.3,101.5,67.0,52.0,18.0,0.0,-2.0,0.0,0.0,7.31,46.0,97.0,0.0,20.0,0.0,0.0,0.0,0.6,0.0,101.0,2.4,0.0,0.0,0.0,0.0,0.0,26.0,8.7,0.0,19.5,0.0,0.0,0
15022,87.0,100.0,36.6,128.5,83.0,63.5,18.0,0.0,-2.0,0.0,0.0,7.32,0.0,97.0,0.0,20.0,0.0,0.0,0.0,0.0,0.0,0.0,0.0,0.0,0.0,0.0,0.0,0.0,0.0,0.0,0.0,0.0,0.0,0.0,0
15022,89.0,100.0,37.2,144.0,90.0,66.5,18.0,0.0,-4.0,0.0,0.0,7.25,52.0,75.5,0.0,0.0,0.0,0.0,0.0,0.0,0.0,104.0,3.5,0.0,0.0,0.0,0.0,0.0,0.0,0.0,0.0,0.0,0.0,0.0,0
15022,89.0,100.0,36.9,152.0,98.0,68.0,20.0,0.0,-4.0,0.0,0.5,7.25,0.0,98.5,0.0,0.0,0.0,0.0,0.0,0.0,0.0,0.0,3.5,0.0,0.0,0.0,0.0,0.0,0.0,0.0,0.0,0.0,0.0,0.0,0
15022,92.0,100.0,37.7,104.0,66.5,53.25,22.0,0.0,-5.0,0.0,0.0,7.33,38.0,98.0,0.0,0.0,0.0,0.0,0.0,0.0,0.0,0.0,1.8,0.0,0.0,0.0,0.0,0.0,0.0,0.0,0.0,0.0,0.0,0.0,0
15022,99.0,100.0,37.45,102.0,66.0,52.75,22.0,0.0,0.0,0.0,0.0,0.0,0.0,0.0,0.0,0.0,0.0,0.0,0.0,0.0,0.0,0.0,0.0,0.0,0.0,0.0,0.0,0.0,0.0,0.0,0.0,0.0,0.0,0.0,0
15022,94.0,100.0,37.3,109.0,69.0,53.0,22.0,0.0,-2.0,0.0,0.0,7.35,41.0,98.0,0.0,0.0,0.0,0.0,0.0,0.0,0.0,106.0,1.7,0.0,0.0,0.0,0.0,0.0,0.0,0.0,0.0,0.0,0.0,0.0,0
15022,88.5,100.0,37.4,110.0,69.5,53.75,21.25,0.0,-2.0,0.0,0.4,7.35,41.0,98.0,0.0,0.0,0.0,0.0,0.0,0.0,0.0,106.0,1.7,0.0,0.0,0.0,0.0,0.0,0.0,0.0,0.0,0.0,0.0,0.0,0
15022,103.0,98.0,37.5,107.5,74.0,59.5,26.0,0.0,-2.0,0.0,0.0,7.35,0.0,98.0,0.0,0.0,0.0,0.0,0.0,0.0,0.0,0.0,1.7,0.0,0.0,0.0,0.0,0.0,28.0,0.0,0.0,0.0,0.0,0.0,0
15022,108.5,95.5,37.45,95.5,69.0,57.25,24.5,0.0,0.0,0.0,0.0,0.0,0.0,0.0,0.0,0.0,0.0,0.0,0.0,0.0,0.0,0.0,0.0,0.0,0.0,0.0,0.0,0.0,28.0,0.0,0.0,0.0,0.0,0.0,0
15022,84.5,96.0,37.4,98.75,69.0,55.5,22.0,0.0,0.0,23.0,0.0,0.0,0.0,0.0,0.0,20.0,0.0,0.0,109.0,0.8,0.0,129.0,0.0,0.0,0.0,4.9,0.0,0.0,28.3,9.3,0.0,17.2,0.0,150.0,0
15022,94.0,100.0,37.45,94.0,67.5,54.75,22.5,0.0,0.0,23.0,0.4,0.0,0.0,50.0,0.0,20.0,0.0,0.0,109.0,0.0,0.0,112.0,0.0,0.0,0.0,4.9,0.0,0.0,28.3,9.3,0.0,17.2,0.0,0.0,0
15022,93.0,99.0,37.4,106.0,68.0,53.5,20.0,0.0,0.0,0.0,0.0,0.0,0.0,0.0,0.0,0.0,0.0,0.0,0.0,0.0,0.0,0.0,0.0,0.0,0.0,0.0,0.0,0.0,0.0,0.0,0.0,0.0,0.0,0.0,0
15022,98.0,100.0,37.4,87.25,61.5,50.25,21.5,0.0,0.0,0.0,0.0,0.0,0.0,0.0,0.0,0.0,0.0,0.0,0.0,0.0,0.0,0.0,0.0,0.0,0.0,0.0,0.0,0.0,0.0,0.0,0.0,0.0,0.0,0.0,0
15022,100.0,99.0,37.4,83.0,58.0,47.0,23.0,0.0,0.0,0.0,0.0,0.0,0.0,0.0,0.0,0.0,0.0,0.0,0.0,0.0,0.0,0.0,0.0,0.0,0.0,0.0,0.0,0.0,0.0,0.0,0.0,0.0,0.0,0.0,0
15022,97.0,99.0,37.6,106.5,68.0,52.0,21.0,0.0,0.0,0.0,0.4,0.0,0.0,0.0,0.0,0.0,0.0,0.0,0.0,0.0,0.0,0.0,0.0,0.0,0.0,0.0,0.0,0.0,0.0,0.0,0.0,0.0,0.0,0.0,0
15022,102.0,100.0,37.6,99.0,66.0,52.5,22.0,0.0,0.0,0.0,0.0,0.0,0.0,0.0,0.0,0.0,0.0,0.0,0.0,0.0,0.0,0.0,0.0,0.0,0.0,0.0,0.0,0.0,0.0,0.0,0.0,0.0,0.0,0.0,0
15022,96.0,99.0,37.5,112.0,70.0,51.0,21.0,0.0,-3.0,0.0,0.0,7.38,34.0,98.0,0.0,0.0,0.0,0.0,0.0,0.0,0.0,118.0,0.0,0.0,0.0,0.0,0.0,0.0,0.0,0.0,0.0,0.0,0.0,0.0,0
15022,107.0,98.0,0.0,108.0,69.0,50.0,27.0,0.0,-3.0,0.0,0.0,7.38,36.0,96.5,0.0,0.0,0.0,0.0,0.0,0.0,0.0,106.0,0.0,0.0,0.0,0.0,0.0,0.0,0.0,0.0,0.0,0.0,0.0,0.0,0
15022,109.0,95.0,37.39,95.0,63.0,46.0,25.0,0.0,-3.0,0.0,0.4,7.37,0.0,95.0,0.0,0.0,0.0,0.0,0.0,0.0,0.0,0.0,0.0,0.0,0.0,0.0,0.0,0.0,0.0,0.0,0.0,0.0,0.0,0.0,0
15022,93.0,95.0,0.0,98.0,69.0,51.0,28.0,0.0,0.0,0.0,0.0,0.0,0.0,0.0,0.0,0.0,0.0,0.0,0.0,0.0,0.0,0.0,0.0,0.0,0.0,0.0,0.0,0.0,0.0,0.0,0.0,0.0,0.0,0.0,0
15022,94.0,95.0,0.0,109.0,73.0,54.0,29.0,0.0,0.0,0.0,0.0,7.36,44.0,95.0,0.0,0.0,0.0,0.0,0.0,0.0,0.0,100.0,0.0,0.0,0.0,0.0,0.0,0.0,27.1,9.0,0.0,0.0,0.0,0.0,0
15022,94.0,95.0,0.0,99.0,68.0,51.0,25.0,0.0,0.0,0.0,0.0,7.36,0.0,95.0,0.0,0.0,0.0,0.0,0.0,0.0,0.0,0.0,0.0,0.0,0.0,0.0,0.0,0.0,27.1,9.0,0.0,0.0,0.0,0.0,0
15022,104.0,96.0,37.72,109.0,73.0,53.0,30.0,0.0,0.0,0.0,0.4,0.0,0.0,0.0,0.0,0.0,0.0,0.0,0.0,0.0,0.0,0.0,0.0,0.0,0.0,0.0,0.0,0.0,0.0,0.0,0.0,0.0,0.0,0.0,0
15022,104.0,94.0,0.0,106.0,71.0,51.0,28.0,0.0,0.0,0.0,0.0,0.0,0.0,0.0,0.0,0.0,0.0,0.0,0.0,0.0,0.0,0.0,0.0,0.0,0.0,0.0,0.0,0.0,0.0,0.0,0.0,0.0,0.0,0.0,0
15022,106.0,95.0,0.0,110.0,72.0,51.0,29.0,0.0,0.0,0.0,0.0,0.0,0.0,0.0,0.0,0.0,0.0,0.0,0.0,0.0,0.0,0.0,0.0,0.0,0.0,0.0,0.0,0.0,0.0,0.0,0.0,0.0,0.0,0.0,0
15022,109.0,95.0,0.0,121.0,76.0,53.0,30.0,0.0,0.0,0.0,0.4,0.0,0.0,0.0,0.0,0.0,0.0,0.0,0.0,0.0,0.0,0.0,0.0,0.0,0.0,0.0,0.0,0.0,0.0,0.0,0.0,0.0,0.0,0.0,0
15022,106.0,95.0,38.0,126.0,75.0,52.0,29.0,0.0,0.0,0.0,0.0,0.0,0.0,0.0,0.0,0.0,0.0,0.0,0.0,0.0,0.0,0.0,0.0,0.0,0.0,0.0,0.0,0.0,0.0,0.0,0.0,0.0,0.0,0.0,0
15022,118.0,95.0,0.0,93.0,66.0,49.0,29.0,0.0,0.0,0.0,0.4,0.0,0.0,0.0,0.0,0.0,0.0,0.0,0.0,0.0,0.0,0.0,0.0,0.0,0.0,0.0,0.0,0.0,0.0,0.0,0.0,0.0,0.0,0.0,0
15022,106.0,96.0,0.0,88.0,60.0,45.0,21.0,0.0,0.0,0.0,0.0,0.0,0.0,0.0,0.0,0.0,0.0,0.0,0.0,0.0,0.0,0.0,0.0,0.0,0.0,0.0,0.0,0.0,0.0,0.0,0.0,0.0,0.0,0.0,0
15022,108.0,95.0,0.0,113.0,73.0,52.0,25.0,0.0,0.0,0.0,0.0,0.0,0.0,0.0,0.0,0.0,0.0,0.0,0.0,0.0,0.0,0.0,0.0,0.0,0.0,0.0,0.0,0.0,0.0,0.0,0.0,0.0,0.0,0.0,0
15022,104.0,98.0,37.83,108.0,68.0,48.0,22.0,0.0,0.0,0.0,0.4,0.0,0.0,0.0,0.0,0.0,0.0,0.0,0.0,0.0,0.0,0.0,0.0,0.0,0.0,0.0,0.0,0.0,0.0,0.0,0.0,0.0,0.0,0.0,0
15022,106.0,97.0,0.0,137.0,79.0,55.0,23.0,0.0,0.0,24.0,0.0,7.39,39.0,0.0,38.0,20.0,58.0,0.0,105.0,0.8,0.0,132.0,2.0,2.1,0.0,4.1,0.5,0.0,24.8,8.3,35.7,26.5,0.0,183.0,0
15022,130.0,100.0,0.0,103.0,70.0,68.0,28.0,0.0,0.0,24.0,0.0,7.39,0.0,0.0,38.0,20.0,58.0,0.0,105.0,0.0,0.0,0.0,2.0,2.1,0.0,4.1,0.0,0.0,24.8,8.3,0.0,26.5,0.0,0.0,0
15022,128.0,100.0,0.0,99.0,53.0,62.0,24.0,0.0,0.0,0.0,0.0,0.0,0.0,0.0,0.0,0.0,0.0,0.0,0.0,0.0,0.0,0.0,0.0,0.0,0.0,0.0,0.0,0.0,0.0,0.0,0.0,0.0,0.0,0.0,0
15022,88.0,100.0,37.72,118.0,79.0,61.0,23.5,0.0,0.0,0.0,0.4,0.0,0.0,0.0,0.0,0.0,0.0,0.0,0.0,0.0,0.0,0.0,0.0,0.0,0.0,0.0,0.0,0.0,0.0,0.0,0.0,0.0,0.0,0.0,0
15022,86.0,100.0,0.0,114.0,69.0,49.0,22.0,0.0,0.0,0.0,0.0,7.44,33.0,0.0,0.0,0.0,0.0,0.0,0.0,0.0,0.0,172.0,0.0,0.0,0.0,0.0,0.0,0.0,0.0,0.0,0.0,0.0,0.0,0.0,0
15022,86.0,100.0,0.0,131.0,76.0,52.0,29.5,0.0,0.0,0.0,0.4,0.0,0.0,0.0,0.0,0.0,0.0,0.0,0.0,0.0,0.0,0.0,0.0,0.0,0.0,0.0,0.0,0.0,0.0,0.0,0.0,0.0,0.0,0.0,0
15022,85.0,99.0,0.0,97.0,63.0,46.0,27.0,0.0,0.0,0.0,0.0,0.0,0.0,0.0,0.0,0.0,0.0,0.0,0.0,0.0,0.0,0.0,0.0,0.0,0.0,0.0,0.0,0.0,0.0,0.0,0.0,0.0,0.0,0.0,0
15022,90.0,97.0,37.5,113.0,67.0,46.0,32.0,0.0,0.0,0.0,0.4,0.0,0.0,0.0,0.0,0.0,0.0,0.0,0.0,0.0,0.0,0.0,0.0,0.0,0.0,0.0,0.0,0.0,26.4,8.8,0.0,19.2,0.0,151.0,0
15022,98.0,98.0,0.0,109.0,67.0,48.0,34.0,0.0,0.0,0.0,0.4,0.0,0.0,0.0,0.0,0.0,0.0,0.0,0.0,0.0,0.0,0.0,0.0,0.0,0.0,0.0,0.0,0.0,0.0,0.0,0.0,0.0,0.0,0.0,0
15022,104.0,99.0,0.0,97.0,56.0,38.0,34.0,0.0,-1.0,0.0,0.4,7.41,34.0,97.0,0.0,0.0,0.0,0.0,0.0,0.0,0.0,0.0,0.0,0.0,0.0,0.0,0.0,0.0,0.0,0.0,0.0,0.0,0.0,0.0,0
15022,101.0,99.0,37.5,101.0,65.0,46.0,32.0,0.0,0.0,0.0,0.0,0.0,0.0,0.0,0.0,0.0,0.0,0.0,0.0,0.0,0.0,0.0,0.0,0.0,0.0,0.0,0.0,0.0,0.0,0.0,0.0,0.0,0.0,0.0,0
15022,96.0,98.5,0.0,125.0,69.0,45.5,31.0,0.0,0.0,0.0,0.0,0.0,0.0,0.0,0.0,0.0,0.0,0.0,0.0,0.0,0.0,0.0,0.0,0.0,0.0,0.0,0.0,0.0,0.0,0.0,0.0,0.0,0.0,0.0,0
15022,98.0,96.0,36.06,128.0,65.0,41.0,31.0,0.0,0.0,0.0,0.0,0.0,0.0,0.0,0.0,0.0,0.0,0.0,0.0,0.0,0.0,0.0,0.0,0.0,0.0,0.0,0.0,0.0,0.0,0.0,0.0,0.0,0.0,0.0,0
15022,100.0,95.0,0.0,111.0,56.0,33.0,35.0,0.0,0.0,0.0,0.0,0.0,0.0,0.0,0.0,0.0,0.0,0.0,0.0,0.0,0.0,0.0,0.0,0.0,0.0,0.0,0.0,0.0,0.0,0.0,0.0,0.0,0.0,0.0,0
15022,100.0,93.0,0.0,108.0,55.0,34.0,34.0,0.0,0.0,0.0,0.0,0.0,0.0,0.0,0.0,0.0,0.0,0.0,0.0,0.0,0.0,0.0,0.0,0.0,0.0,0.0,0.0,0.0,0.0,0.0,0.0,0.0,0.0,0.0,0
