15108,80.0,100.0,35.83,97.0,67.0,53.0,16.0,0.0,0.0,22.0,0.5,7.36,0.0,0.0,0.0,16.0,0.0,0.0,111.0,0.0,0.0,0.0,0.0,0.0,0.0,3.4,0.0,0.0,31.5,11.2,0.0,12.7,0.0,0.0,0
15108,80.0,100.0,35.39,121.0,81.0,61.0,16.0,0.0,-1.0,0.0,0.0,7.35,44.0,99.0,0.0,0.0,0.0,0.0,0.0,0.0,0.0,0.0,0.0,0.0,0.0,0.0,0.0,0.0,0.0,0.0,0.0,0.0,0.0,0.0,0
15108,80.0,100.0,35.89,120.0,83.0,63.0,18.0,0.0,-1.0,0.0,0.0,7.35,0.0,99.0,0.0,0.0,0.0,0.0,0.0,0.0,0.0,0.0,0.0,0.0,0.0,0.0,0.0,0.0,0.0,0.0,0.0,0.0,0.0,0.0,0
15108,74.0,95.0,0.0,98.0,66.0,52.0,19.0,0.0,0.0,0.0,0.5,0.0,0.0,0.0,0.0,0.0,0.0,0.0,0.0,0.0,0.0,0.0,0.0,0.0,0.0,0.0,0.0,0.0,0.0,0.0,0.0,0.0,0.0,0.0,0
15108,80.0,100.0,0.0,102.0,72.0,57.0,19.0,0.0,0.0,0.0,0.0,0.0,0.0,0.0,0.0,0.0,0.0,0.0,109.0,0.0,0.0,0.0,0.0,0.0,0.0,4.2,0.0,0.0,31.9,0.0,0.0,0.0,0.0,0.0,0
15108,84.0,97.0,0.0,124.0,86.0,66.0,11.0,0.0,0.0,0.0,0.0,0.0,0.0,0.0,0.0,0.0,0.0,0.0,109.0,0.0,0.0,0.0,0.0,0.0,0.0,4.2,0.0,0.0,31.9,0.0,0.0,0.0,0.0,0.0,0
15108,87.0,100.0,36.61,127.0,86.0,65.0,17.0,0.0,0.0,0.0,0.0,0.0,0.0,0.0,0.0,0.0,0.0,0.0,0.0,0.0,0.0,0.0,0.0,0.0,0.0,0.0,0.0,0.0,0.0,0.0,0.0,0.0,0.0,0.0,0
15108,79.0,98.0,0.0,110.0,73.0,54.0,12.0,0.0,0.0,0.0,0.0,0.0,0.0,0.0,0.0,0.0,0.0,0.0,0.0,0.0,0.0,0.0,0.0,0.0,0.0,0.0,0.0,0.0,0.0,0.0,0.0,0.0,0.0,0.0,0
15108,75.0,99.0,0.0,118.0,79.0,59.0,17.0,0.0,0.0,0.0,0.0,0.0,0.0,0.0,0.0,0.0,0.0,0.0,0.0,0.0,0.0,0.0,0.0,0.0,0.0,0.0,0.0,0.0,0.0,0.0,0.0,0.0,0.0,0.0,0
15108,76.0,99.0,0.0,117.0,75.0,54.0,18.0,0.0,0.0,0.0,0.0,0.0,0.0,0.0,0.0,0.0,0.0,0.0,0.0,0.0,0.0,0.0,0.0,0.0,0.0,0.0,0.0,0.0,0.0,0.0,0.0,0.0,0.0,0.0,0
15108,74.0,99.0,0.0,134.0,83.0,57.0,20.0,0.0,0.0,0.0,0.0,0.0,0.0,0.0,0.0,0.0,0.0,0.0,0.0,0.0,0.0,0.0,0.0,0.0,0.0,0.0,0.0,0.0,0.0,0.0,0.0,0.0,0.0,0.0,0
15108,74.0,99.0,36.78,122.0,73.0,50.0,23.0,0.0,0.0,0.0,0.0,0.0,0.0,0.0,0.0,0.0,0.0,0.0,0.0,0.0,0.0,0.0,0.0,0.0,0.0,0.0,0.0,0.0,0.0,0.0,0.0,0.0,0.0,0.0,0
15108,78.0,97.0,0.0,131.0,79.0,55.0,22.0,0.0,0.0,22.0,0.0,0.0,0.0,0.0,0.0,14.0,0.0,0.0,106.0,1.1,0.0,124.0,0.0,2.0,0.0,4.3,0.0,0.0,31.1,10.7,0.0,10.5,0.0,250.0,0
15108,78.0,94.0,0.0,93.0,59.0,43.0,25.0,0.0,0.0,22.0,0.0,0.0,0.0,0.0,0.0,14.0,0.0,0.0,106.0,0.0,0.0,0.0,0.0,2.0,0.0,4.3,0.0,0.0,31.1,10.7,0.0,10.5,0.0,0.0,0
15108,82.0,97.0,36.56,121.0,73.0,49.0,17.0,0.0,0.0,0.0,0.0,0.0,0.0,0.0,0.0,0.0,0.0,0.0,0.0,0.0,0.0,0.0,0.0,0.0,0.0,0.0,0.0,0.0,0.0,0.0,0.0,0.0,0.0,0.0,0
15108,82.0,98.0,0.0,115.0,73.0,53.0,19.0,0.0,0.0,0.0,0.0,0.0,0.0,0.0,0.0,0.0,0.0,0.0,0.0,0.0,0.0,0.0,0.0,0.0,0.0,0.0,0.0,0.0,0.0,0.0,0.0,0.0,0.0,0.0,0
15108,85.0,97.0,0.0,118.0,73.0,53.0,19.0,0.0,0.0,0.0,0.0,0.0,0.0,0.0,0.0,0.0,0.0,0.0,0.0,0.0,0.0,0.0,0.0,0.0,0.0,0.0,0.0,0.0,0.0,0.0,0.0,0.0,0.0,0.0,0
15108,92.0,95.0,0.0,115.0,72.0,53.0,21.0,0.0,0.0,0.0,0.0,0.0,0.0,0.0,0.0,0.0,0.0,0.0,0.0,0.0,0.0,0.0,0.0,0.0,0.0,0.0,0.0,0.0,0.0,0.0,0.0,0.0,0.0,0.0,0
15108,88.0,96.0,0.0,108.0,67.0,48.0,19.0,0.0,0.0,0.0,0.0,0.0,0.0,0.0,0.0,0.0,0.0,0.0,0.0,0.0,0.0,0.0,0.0,0.0,0.0,0.0,0.0,0.0,0.0,0.0,0.0,0.0,0.0,0.0,0
15108,97.0,97.0,0.0,134.0,80.0,56.0,23.0,0.0,0.0,0.0,0.0,0.0,0.0,0.0,0.0,0.0,0.0,0.0,0.0,0.0,0.0,0.0,0.0,0.0,0.0,0.0,0.0,0.0,0.0,0.0,0.0,0.0,0.0,0.0,0
15108,94.0,96.0,36.83,124.0,74.0,53.0,25.0,0.0,0.0,0.0,0.0,7.43,0.0,0.0,0.0,0.0,0.0,0.0,0.0,0.0,0.0,0.0,0.0,0.0,0.0,0.0,0.0,0.0,0.0,0.0,0.0,0.0,0.0,0.0,0
15108,88.0,97.0,0.0,123.0,73.0,54.0,21.0,0.0,0.0,0.0,0.0,7.43,0.0,0.0,0.0,0.0,0.0,0.0,0.0,0.0,0.0,0.0,0.0,0.0,0.0,0.0,0.0,0.0,0.0,0.0,0.0,0.0,0.0,0.0,0
15108,91.0,97.0,0.0,106.0,57.0,49.0,22.0,0.0,0.0,0.0,0.0,0.0,0.0,0.0,0.0,0.0,0.0,0.0,0.0,0.0,0.0,0.0,0.0,0.0,0.0,0.0,0.0,0.0,0.0,0.0,0.0,0.0,0.0,0.0,0
15108,88.0,95.0,36.06,92.0,53.0,48.0,20.0,0.0,0.0,0.0,0.0,0.0,0.0,0.0,0.0,0.0,0.0,0.0,0.0,0.0,0.0,0.0,0.0,0.0,0.0,0.0,0.0,0.0,0.0,0.0,0.0,0.0,0.0,0.0,0
15108,80.0,97.0,0.0,136.0,76.0,56.0,24.0,0.0,0.0,0.0,0.0,0.0,0.0,0.0,0.0,0.0,0.0,0.0,0.0,0.0,0.0,0.0,0.0,0.0,0.0,0.0,0.0,0.0,0.0,0.0,0.0,0.0,0.0,0.0,0
15108,87.0,97.0,0.0,104.0,66.0,46.0,18.0,0.0,0.0,0.0,0.0,7.43,0.0,0.0,0.0,0.0,0.0,0.0,101.0,0.0,0.0,0.0,0.0,2.3,0.0,4.1,0.0,0.0,29.7,0.0,0.0,0.0,0.0,0.0,0
