15525,0.0,0.0,0.0,0.0,0.0,0.0,0.0,0.0,0.0,0.0,0.0,0.0,0.0,0.0,0.0,0.0,0.0,0.0,0.0,0.0,0.0,0.0,0.0,0.0,0.0,0.0,0.0,0.0,0.0,0.0,0.0,0.0,0.0,0.0,0
15525,60.0,100.0,0.0,142.0,85.0,56.0,9.0,0.0,0.0,0.0,0.0,0.0,0.0,0.0,0.0,0.0,0.0,0.0,0.0,0.0,0.0,0.0,0.0,0.0,0.0,0.0,0.0,0.0,0.0,0.0,0.0,0.0,0.0,0.0,0
15525,55.0,100.0,0.0,137.0,83.0,55.0,12.0,0.0,4.0,0.0,0.4,7.41,47.0,0.0,0.0,0.0,0.0,0.0,0.0,0.0,0.0,0.0,0.0,0.0,0.0,0.0,0.0,0.0,0.0,0.0,0.0,0.0,0.0,0.0,0
15525,53.0,98.0,37.0,121.0,76.0,51.0,10.0,0.0,0.0,0.0,0.0,0.0,0.0,0.0,0.0,0.0,0.0,0.0,0.0,0.0,0.0,0.0,0.0,0.0,0.0,0.0,0.0,0.0,0.0,0.0,0.0,0.0,0.0,0.0,0
15525,49.0,99.0,0.0,140.0,85.0,57.0,10.0,0.0,0.0,0.0,0.4,0.0,0.0,0.0,0.0,0.0,0.0,0.0,0.0,0.0,0.0,0.0,0.0,0.0,0.0,0.0,0.0,0.0,0.0,0.0,0.0,0.0,0.0,0.0,0
15525,47.0,100.0,0.0,140.0,84.0,56.0,10.0,0.0,0.0,0.0,0.0,0.0,0.0,0.0,0.0,0.0,0.0,0.0,0.0,0.0,0.0,0.0,0.0,0.0,0.0,0.0,0.0,0.0,0.0,0.0,0.0,0.0,0.0,0.0,0
15525,48.0,100.0,0.0,147.0,89.0,60.0,14.0,0.0,6.0,30.0,0.0,7.5,38.0,0.0,0.0,40.0,0.0,9.4,91.0,5.5,0.0,136.0,0.0,2.6,5.3,4.9,0.0,0.0,29.6,9.9,0.0,7.7,0.0,378.0,0
15525,49.0,100.0,36.78,142.0,85.0,57.0,10.0,0.0,0.0,0.0,0.0,0.0,0.0,0.0,0.0,0.0,0.0,0.0,0.0,0.0,0.0,0.0,0.0,0.0,0.0,0.0,0.0,0.0,0.0,0.0,0.0,0.0,0.0,0.0,0
15525,48.0,100.0,0.0,139.0,83.0,56.0,12.5,0.0,0.0,0.0,0.4,0.0,0.0,0.0,0.0,0.0,0.0,0.0,0.0,0.0,0.0,0.0,0.0,0.0,0.0,0.0,0.0,0.0,0.0,0.0,0.0,0.0,0.0,0.0,0
15525,47.0,100.0,0.0,148.0,87.0,58.0,15.0,0.0,0.0,0.0,0.0,0.0,0.0,0.0,0.0,0.0,0.0,0.0,0.0,0.0,0.0,0.0,0.0,0.0,0.0,0.0,0.0,0.0,0.0,0.0,0.0,0.0,0.0,0.0,0
15525,50.0,100.0,36.89,153.0,89.0,57.0,15.0,0.0,0.0,0.0,0.0,0.0,0.0,0.0,0.0,0.0,0.0,0.0,0.0,0.0,0.0,0.0,0.0,0.0,0.0,0.0,0.0,0.0,0.0,0.0,0.0,0.0,0.0,0.0,0
15525,53.0,100.0,0.0,162.0,95.0,61.0,17.0,0.0,0.0,0.0,0.0,0.0,0.0,0.0,0.0,0.0,0.0,0.0,0.0,0.0,0.0,0.0,0.0,0.0,0.0,0.0,0.0,0.0,0.0,0.0,0.0,0.0,0.0,0.0,0
15525,56.0,100.0,0.0,136.0,77.0,59.0,13.0,0.0,0.0,0.0,0.4,0.0,0.0,0.0,0.0,0.0,0.0,0.0,0.0,0.0,0.0,0.0,0.0,0.0,0.0,0.0,0.0,0.0,0.0,0.0,0.0,0.0,0.0,0.0,0
15525,57.0,100.0,0.0,124.0,61.67,55.0,16.0,0.0,0.0,0.0,0.0,0.0,0.0,0.0,0.0,0.0,0.0,0.0,0.0,0.0,0.0,0.0,0.0,0.0,0.0,0.0,0.0,0.0,0.0,0.0,0.0,0.0,0.0,0.0,0
15525,59.0,100.0,36.78,135.5,53.67,59.0,15.0,0.0,0.0,0.0,0.0,0.0,0.0,0.0,0.0,0.0,0.0,0.0,0.0,0.0,0.0,0.0,0.0,0.0,0.0,0.0,0.0,0.0,0.0,0.0,0.0,0.0,0.0,0.0,0
15525,60.5,100.0,0.0,119.0,65.67,53.5,15.0,0.0,0.0,33.0,0.4,0.0,0.0,0.0,0.0,13.0,0.0,8.4,97.0,2.3,0.0,167.0,0.0,2.0,2.4,3.0,0.0,0.0,0.0,0.0,0.0,0.0,0.0,0.0,0
15525,59.0,100.0,0.0,138.25,77.5,58.5,16.5,0.0,0.0,0.0,0.0,0.0,0.0,0.0,0.0,0.0,0.0,0.0,0.0,0.0,0.0,0.0,0.0,0.0,0.0,0.0,0.0,0.0,0.0,0.0,0.0,0.0,0.0,0.0,0
15525,58.5,100.0,0.0,151.5,92.0,60.5,15.0,0.0,10.0,0.0,0.0,7.5,44.0,0.0,0.0,0.0,0.0,0.0,0.0,0.0,0.0,0.0,0.0,0.0,0.0,0.0,0.0,0.0,0.0,0.0,0.0,0.0,0.0,0.0,0
15525,56.0,100.0,0.0,144.0,87.0,57.0,12.0,0.0,0.0,34.0,0.0,0.0,0.0,0.0,0.0,13.0,0.0,8.7,97.0,2.7,0.0,146.0,0.0,2.5,3.7,3.7,0.0,0.0,0.0,0.0,0.0,0.0,0.0,0.0,0
15525,64.0,100.0,37.33,156.0,97.0,64.0,8.0,0.0,0.0,0.0,0.0,0.0,0.0,0.0,0.0,0.0,0.0,0.0,0.0,0.0,0.0,0.0,0.0,0.0,0.0,0.0,0.0,0.0,0.0,0.0,0.0,0.0,0.0,0.0,0
15525,63.0,100.0,0.0,140.0,88.0,61.0,13.5,0.0,0.0,0.0,0.4,0.0,0.0,0.0,0.0,0.0,0.0,0.0,0.0,0.0,0.0,0.0,0.0,0.0,0.0,0.0,0.0,0.0,0.0,0.0,0.0,0.0,0.0,0.0,0
15525,61.0,100.0,0.0,143.0,90.0,61.0,19.0,0.0,0.0,0.0,0.0,0.0,0.0,0.0,0.0,0.0,0.0,0.0,0.0,0.0,0.0,0.0,0.0,0.0,0.0,0.0,0.0,0.0,0.0,0.0,0.0,0.0,0.0,0.0,0
15525,61.0,100.0,0.0,153.0,96.0,64.0,12.0,0.0,0.0,0.0,0.0,0.0,0.0,0.0,0.0,0.0,0.0,0.0,0.0,0.0,0.0,0.0,0.0,0.0,0.0,0.0,0.0,0.0,0.0,0.0,0.0,0.0,0.0,0.0,0
15525,60.0,100.0,36.61,134.0,85.0,58.0,13.5,0.0,0.0,34.0,0.4,0.0,0.0,0.0,0.0,16.0,0.0,8.7,95.0,3.2,0.0,173.0,0.0,2.5,3.9,4.2,0.0,0.0,0.0,0.0,0.0,0.0,0.0,0.0,0
15525,61.0,100.0,0.0,144.0,91.0,60.0,13.0,0.0,0.0,0.0,0.0,0.0,0.0,0.0,0.0,0.0,0.0,0.0,0.0,0.0,0.0,0.0,0.0,0.0,0.0,0.0,0.0,0.0,0.0,0.0,0.0,0.0,0.0,0.0,0
15525,63.0,100.0,0.0,149.0,93.0,62.0,14.0,0.0,0.0,0.0,0.0,0.0,0.0,0.0,0.0,0.0,0.0,0.0,0.0,0.0,0.0,0.0,0.0,0.0,0.0,0.0,0.0,0.0,0.0,0.0,0.0,0.0,0.0,0.0,0
15525,64.0,100.0,0.0,150.0,94.0,63.0,11.0,0.0,0.0,0.0,0.4,0.0,0.0,0.0,0.0,0.0,0.0,0.0,0.0,0.0,0.0,0.0,0.0,0.0,0.0,0.0,0.0,0.0,0.0,0.0,0.0,0.0,0.0,0.0,0
15525,62.0,100.0,35.67,143.0,89.0,60.0,14.5,0.0,0.0,0.0,0.4,0.0,0.0,0.0,0.0,0.0,0.0,0.0,0.0,0.0,0.0,0.0,0.0,0.0,0.0,0.0,0.0,0.0,0.0,0.0,0.0,0.0,0.0,0.0,0
15525,63.0,100.0,0.0,155.0,96.0,63.0,10.0,0.0,0.0,0.0,0.0,0.0,0.0,0.0,0.0,0.0,0.0,0.0,0.0,0.0,0.0,0.0,0.0,0.0,0.0,0.0,0.0,0.0,0.0,0.0,0.0,0.0,0.0,0.0,0
15525,66.0,99.0,0.0,145.0,92.0,62.0,18.0,0.0,0.0,33.0,0.0,0.0,0.0,0.0,0.0,19.0,0.0,8.8,94.0,3.7,0.0,161.0,0.0,2.5,3.8,3.7,0.0,0.0,0.0,0.0,0.0,0.0,0.0,0.0,0
15525,64.0,100.0,0.0,146.0,92.0,62.0,13.0,0.0,0.0,0.0,0.4,0.0,0.0,0.0,0.0,0.0,0.0,0.0,0.0,0.0,0.0,0.0,0.0,0.0,0.0,0.0,0.0,0.0,0.0,0.0,0.0,0.0,0.0,0.0,0
15525,62.0,100.0,37.11,136.0,85.0,56.0,14.0,0.0,0.0,32.0,0.0,0.0,0.0,0.0,0.0,19.0,0.0,8.6,93.0,3.9,0.0,173.0,0.0,2.5,4.2,3.8,0.0,0.0,32.8,10.3,0.0,6.4,0.0,322.0,0
15525,60.0,100.0,0.0,139.0,85.0,57.0,15.0,0.0,0.0,0.0,0.0,0.0,0.0,0.0,0.0,0.0,0.0,0.0,0.0,0.0,0.0,0.0,0.0,0.0,0.0,0.0,0.0,0.0,0.0,0.0,0.0,0.0,0.0,0.0,0
15525,64.0,99.0,0.0,141.0,86.0,57.0,13.0,0.0,0.0,0.0,0.4,0.0,0.0,0.0,0.0,0.0,0.0,0.0,0.0,0.0,0.0,0.0,0.0,0.0,0.0,0.0,0.0,0.0,0.0,0.0,0.0,0.0,0.0,0.0,0
15525,66.0,100.0,0.0,144.0,89.0,60.0,14.0,0.0,0.0,0.0,0.0,0.0,0.0,0.0,0.0,0.0,0.0,0.0,0.0,0.0,0.0,0.0,0.0,0.0,0.0,0.0,0.0,0.0,0.0,0.0,0.0,0.0,0.0,0.0,0
15525,68.0,100.0,37.56,146.0,92.0,62.0,11.0,0.0,0.0,31.0,0.0,0.0,0.0,0.0,0.0,20.0,0.0,8.6,93.0,4.1,0.0,128.0,0.0,2.3,3.9,3.7,0.0,0.0,0.0,0.0,0.0,0.0,0.0,0.0,0
15525,65.0,99.0,0.0,139.0,88.0,59.0,10.0,0.0,0.0,0.0,0.4,0.0,0.0,0.0,0.0,0.0,0.0,0.0,0.0,0.0,0.0,0.0,0.0,0.0,0.0,0.0,0.0,0.0,0.0,0.0,0.0,0.0,0.0,0.0,0
15525,63.0,99.0,0.0,140.0,87.0,58.0,10.0,0.0,0.0,0.0,0.0,0.0,0.0,0.0,0.0,0.0,0.0,0.0,0.0,0.0,0.0,0.0,0.0,0.0,0.0,0.0,0.0,0.0,0.0,0.0,0.0,0.0,0.0,0.0,0
15525,64.0,99.0,0.0,146.0,90.0,59.0,13.0,0.0,0.0,0.0,0.4,0.0,0.0,0.0,0.0,0.0,0.0,0.0,0.0,0.0,0.0,0.0,0.0,0.0,0.0,0.0,0.0,0.0,0.0,0.0,0.0,0.0,0.0,0.0,0
