15836,85.5,98.0,36.78,0.0,79.0,0.0,19.0,0.0,-5.0,21.0,0.5,7.28,45.0,0.0,0.0,12.0,0.0,7.9,106.0,0.6,0.0,150.0,2.8,1.6,3.6,4.2,0.0,0.0,35.2,11.9,30.5,12.0,0.0,240.0,0
15836,92.0,97.0,0.0,103.5,67.0,60.5,17.5,0.0,-5.0,21.0,0.0,7.28,0.0,0.0,0.0,12.0,0.0,0.0,106.0,0.0,0.0,0.0,2.8,1.6,0.0,4.2,0.0,0.0,35.2,11.9,0.0,12.0,0.0,0.0,0
15836,75.0,97.5,37.06,94.0,56.0,51.5,9.0,0.0,0.0,0.0,0.5,0.0,0.0,0.0,0.0,0.0,0.0,0.0,0.0,0.0,0.0,0.0,0.0,0.0,0.0,0.0,0.0,0.0,0.0,0.0,0.0,0.0,0.0,0.0,0
15836,79.0,98.0,0.0,90.0,64.0,52.0,8.5,0.0,-4.0,0.0,0.5,7.29,45.0,0.0,0.0,0.0,0.0,0.0,0.0,0.0,0.0,141.0,2.7,0.0,0.0,0.0,0.0,0.0,0.0,0.0,0.0,0.0,0.0,0.0,0
15836,77.5,98.5,0.0,94.5,68.5,55.5,0.0,0.0,-4.0,0.0,0.0,7.29,0.0,0.0,0.0,0.0,0.0,0.0,0.0,0.0,0.0,0.0,2.7,0.0,0.0,0.0,0.0,0.0,0.0,0.0,0.0,0.0,0.0,0.0,0
15836,68.0,99.0,0.0,98.0,69.0,55.0,12.0,0.0,0.0,0.0,0.0,0.0,0.0,0.0,0.0,0.0,0.0,0.0,0.0,0.0,0.0,0.0,0.0,0.0,0.0,0.0,0.0,0.0,0.0,0.0,0.0,0.0,0.0,0.0,0
15836,72.0,98.0,37.33,99.0,70.0,55.0,9.0,0.0,0.0,22.0,0.0,0.0,0.0,0.0,0.0,9.0,0.0,8.0,105.0,0.5,0.0,152.0,0.0,2.2,3.4,4.6,0.0,0.0,32.7,10.9,0.0,16.5,0.0,227.0,0
15836,68.0,98.0,0.0,85.0,61.0,49.0,16.0,0.0,0.0,22.0,0.5,0.0,0.0,0.0,0.0,9.0,0.0,0.0,105.0,0.0,0.0,0.0,0.0,2.2,0.0,4.6,0.0,0.0,32.7,10.9,0.0,16.5,0.0,0.0,0
15836,63.0,99.0,0.0,86.0,61.0,49.0,17.0,0.0,-3.0,0.0,0.0,7.32,44.0,0.0,0.0,0.0,0.0,0.0,0.0,0.0,0.0,0.0,2.5,0.0,0.0,0.0,0.0,0.0,0.0,0.0,0.0,0.0,0.0,0.0,0
15836,76.0,100.0,0.0,117.0,85.0,66.0,16.0,0.0,-3.0,0.0,0.0,7.32,0.0,0.0,0.0,0.0,0.0,0.0,0.0,0.0,0.0,0.0,2.5,0.0,0.0,0.0,0.0,0.0,0.0,0.0,0.0,0.0,0.0,0.0,0
15836,75.0,100.0,37.06,122.0,86.0,80.0,15.5,0.0,0.0,0.0,0.5,0.0,0.0,0.0,0.0,0.0,0.0,0.0,0.0,0.0,0.0,0.0,0.0,0.0,0.0,0.0,0.0,0.0,0.0,0.0,0.0,0.0,0.0,0.0,0
15836,78.0,100.0,0.0,122.0,86.0,64.0,12.5,0.0,0.0,0.0,0.0,0.0,0.0,0.0,0.0,0.0,0.0,0.0,0.0,0.0,0.0,0.0,0.0,0.0,0.0,0.0,0.0,0.0,0.0,0.0,0.0,0.0,0.0,0.0,0
15836,73.0,100.0,0.0,105.0,72.0,53.0,7.0,0.0,0.0,0.0,0.0,0.0,0.0,0.0,0.0,0.0,0.0,0.0,0.0,0.0,0.0,0.0,0.0,0.0,0.0,0.0,0.0,0.0,0.0,0.0,0.0,0.0,0.0,0.0,0
15836,74.0,100.0,37.0,95.0,91.0,85.0,16.5,0.0,0.0,0.0,0.0,0.0,0.0,0.0,0.0,0.0,0.0,0.0,0.0,0.0,0.0,0.0,0.0,0.0,0.0,0.0,0.0,0.0,0.0,0.0,0.0,0.0,0.0,0.0,0
15836,61.0,100.0,0.0,109.0,84.0,64.0,16.0,0.0,0.0,0.0,0.5,0.0,0.0,0.0,0.0,0.0,0.0,0.0,0.0,0.0,0.0,0.0,0.0,0.0,0.0,0.0,0.0,0.0,0.0,0.0,0.0,0.0,0.0,0.0,0
15836,71.0,100.0,0.0,90.0,64.0,48.0,18.0,0.0,0.0,0.0,0.0,0.0,0.0,0.0,0.0,0.0,0.0,0.0,0.0,0.0,0.0,0.0,0.0,0.0,0.0,0.0,0.0,0.0,0.0,0.0,0.0,0.0,0.0,0.0,0
15836,69.0,100.0,0.0,122.0,77.0,62.0,16.0,0.0,0.0,0.0,0.0,7.36,45.0,0.0,0.0,0.0,0.0,0.0,0.0,0.0,0.0,0.0,0.0,0.0,0.0,0.0,0.0,0.0,0.0,0.0,0.0,0.0,0.0,0.0,0
15836,74.0,100.0,37.22,115.0,103.0,95.0,16.0,0.0,0.0,0.0,0.0,7.36,0.0,0.0,0.0,0.0,0.0,0.0,0.0,0.0,0.0,0.0,0.0,0.0,0.0,0.0,0.0,0.0,0.0,0.0,0.0,0.0,0.0,0.0,0
15836,71.0,100.0,0.0,102.0,70.0,51.0,16.0,0.0,0.0,0.0,0.0,0.0,0.0,0.0,0.0,0.0,0.0,0.0,0.0,0.0,0.0,0.0,0.0,0.0,0.0,0.0,0.0,0.0,0.0,0.0,0.0,0.0,0.0,0.0,0
15836,0.0,0.0,0.0,0.0,0.0,0.0,0.0,0.0,0.0,0.0,0.5,0.0,0.0,0.0,0.0,0.0,0.0,0.0,0.0,0.0,0.0,0.0,0.0,0.0,0.0,0.0,0.0,0.0,0.0,0.0,0.0,0.0,0.0,0.0,0
15836,0.0,0.0,0.0,0.0,0.0,0.0,0.0,0.0,0.0,0.0,0.0,0.0,0.0,0.0,0.0,0.0,0.0,0.0,0.0,0.0,0.0,0.0,0.0,0.0,0.0,0.0,0.0,0.0,0.0,0.0,0.0,0.0,0.0,0.0,0
15836,0.0,0.0,36.67,0.0,0.0,0.0,17.0,0.0,-1.0,24.0,0.5,7.36,43.0,0.0,0.0,6.0,0.0,7.8,108.0,0.6,0.0,132.0,2.6,0.0,0.0,4.1,0.0,0.0,30.4,9.9,0.0,15.7,0.0,275.0,0
15836,76.0,100.0,0.0,102.0,79.0,71.0,16.0,0.0,-1.0,24.0,0.0,7.36,0.0,0.0,0.0,6.0,0.0,0.0,108.0,0.0,0.0,0.0,2.6,0.0,0.0,4.1,0.0,0.0,30.4,9.9,0.0,15.7,0.0,0.0,0
15836,75.0,96.0,0.0,108.0,79.0,61.0,20.0,0.0,0.0,0.0,0.0,0.0,0.0,0.0,0.0,0.0,0.0,0.0,0.0,0.0,0.0,0.0,0.0,0.0,0.0,0.0,0.0,0.0,0.0,0.0,0.0,0.0,0.0,0.0,0
15836,74.0,98.0,0.0,109.0,80.0,62.0,18.0,0.0,0.0,0.0,0.0,7.35,46.0,0.0,0.0,0.0,0.0,0.0,0.0,0.0,0.0,0.0,0.0,0.0,0.0,0.0,0.0,0.0,0.0,0.0,0.0,0.0,0.0,0.0,0
15836,77.0,100.0,0.0,96.0,69.0,53.0,10.0,0.0,0.0,0.0,0.5,7.35,0.0,0.0,0.0,0.0,0.0,0.0,0.0,0.0,0.0,0.0,0.0,0.0,0.0,0.0,0.0,0.0,0.0,0.0,0.0,0.0,0.0,0.0,0
15836,78.0,100.0,37.22,89.0,68.0,65.0,11.0,0.0,0.0,0.0,0.0,0.0,0.0,0.0,0.0,0.0,0.0,0.0,0.0,0.0,0.0,0.0,0.0,0.0,0.0,0.0,0.0,0.0,0.0,0.0,0.0,0.0,0.0,0.0,0
15836,80.0,100.0,0.0,122.0,91.0,71.0,9.0,0.0,0.0,28.0,0.0,0.0,0.0,0.0,0.0,6.0,0.0,8.1,106.0,0.5,0.0,126.0,0.0,1.8,2.1,4.1,0.0,0.0,28.3,9.4,0.0,14.7,0.0,250.0,0
15836,76.0,100.0,0.0,0.0,178.0,0.0,10.0,0.0,0.0,28.0,0.0,0.0,0.0,0.0,0.0,6.0,0.0,0.0,106.0,0.0,0.0,0.0,0.0,1.8,0.0,4.1,0.0,0.0,28.3,9.4,0.0,14.7,0.0,0.0,0
15836,76.0,100.0,0.0,97.5,82.0,68.5,9.0,0.0,0.0,0.0,0.0,0.0,0.0,0.0,0.0,0.0,0.0,0.0,0.0,0.0,0.0,0.0,0.0,0.0,0.0,0.0,0.0,0.0,0.0,0.0,0.0,0.0,0.0,0.0,0
15836,85.0,100.0,36.89,91.0,64.5,86.0,11.5,0.0,2.0,0.0,0.5,7.38,47.0,0.0,0.0,0.0,0.0,0.0,0.0,0.0,0.0,0.0,0.0,0.0,0.0,0.0,0.0,0.0,0.0,0.0,0.0,0.0,0.0,0.0,0
15836,54.0,100.0,0.0,92.0,65.0,84.0,14.0,0.0,2.0,0.0,0.4,7.38,0.0,0.0,0.0,0.0,0.0,0.0,0.0,0.0,0.0,0.0,0.0,0.0,0.0,0.0,0.0,0.0,0.0,0.0,0.0,0.0,0.0,0.0,0
15836,75.0,100.0,0.0,76.0,50.0,53.0,11.0,0.0,0.0,0.0,0.0,0.0,0.0,0.0,0.0,0.0,0.0,0.0,0.0,0.0,0.0,0.0,0.0,0.0,0.0,0.0,0.0,0.0,0.0,0.0,0.0,0.0,0.0,0.0,0
15836,93.0,99.0,0.0,113.0,58.0,68.0,18.0,0.0,0.0,0.0,0.0,0.0,0.0,0.0,0.0,0.0,0.0,0.0,0.0,0.0,0.0,0.0,0.0,0.0,0.0,0.0,0.0,0.0,0.0,0.0,0.0,0.0,0.0,0.0,0
15836,94.0,98.0,38.72,119.0,85.0,67.0,11.5,0.0,0.0,0.0,0.4,0.0,0.0,0.0,0.0,0.0,0.0,0.0,0.0,0.0,0.0,0.0,0.0,0.0,0.0,0.0,0.0,0.0,0.0,0.0,0.0,0.0,0.0,0.0,0
15836,82.0,98.0,0.0,98.0,71.0,57.0,9.0,0.0,0.0,0.0,0.0,0.0,0.0,0.0,0.0,0.0,0.0,0.0,0.0,0.0,0.0,0.0,0.0,0.0,0.0,0.0,0.0,0.0,0.0,0.0,0.0,0.0,0.0,0.0,0
15836,77.0,99.0,38.39,109.0,77.0,60.0,15.0,0.0,0.0,0.0,0.4,0.0,0.0,0.0,0.0,0.0,0.0,0.0,0.0,0.0,0.0,0.0,0.0,0.0,0.0,0.0,0.0,0.0,0.0,0.0,0.0,0.0,0.0,0.0,0
15836,80.0,94.0,0.0,92.0,64.0,50.0,11.0,0.0,0.0,0.0,0.0,0.0,0.0,0.0,0.0,0.0,0.0,0.0,0.0,0.0,0.0,0.0,0.0,0.0,0.0,0.0,0.0,0.0,0.0,0.0,0.0,0.0,0.0,0.0,0
15836,82.0,97.0,38.06,99.0,73.0,57.0,10.0,0.0,0.0,0.0,0.4,0.0,0.0,0.0,0.0,0.0,0.0,0.0,0.0,0.0,0.0,0.0,0.0,0.0,0.0,0.0,0.0,0.0,0.0,0.0,0.0,0.0,0.0,0.0,0
15836,92.0,97.0,0.0,135.0,101.0,78.0,21.0,0.0,0.0,0.0,0.0,0.0,0.0,0.0,0.0,0.0,0.0,0.0,0.0,0.0,0.0,0.0,0.0,0.0,0.0,0.0,0.0,0.0,0.0,0.0,0.0,0.0,0.0,0.0,0
15836,79.0,97.0,0.0,101.0,75.0,61.0,11.0,0.0,0.0,0.0,0.5,0.0,0.0,0.0,0.0,0.0,0.0,0.0,0.0,0.0,0.0,0.0,0.0,0.0,0.0,0.0,0.0,0.0,0.0,0.0,0.0,0.0,0.0,0.0,0
15836,80.0,93.0,0.0,109.0,79.0,62.0,18.0,0.0,0.0,0.0,0.0,0.0,0.0,0.0,0.0,0.0,0.0,0.0,0.0,0.0,0.0,0.0,0.0,0.0,0.0,0.0,0.0,0.0,0.0,0.0,0.0,0.0,0.0,0.0,0
15836,86.0,93.0,37.33,90.0,74.0,63.0,18.0,0.0,0.0,0.0,1.0,0.0,0.0,0.0,0.0,0.0,0.0,0.0,0.0,0.0,0.0,0.0,0.0,0.0,0.0,0.0,0.0,0.0,0.0,0.0,0.0,0.0,0.0,0.0,0
15836,76.0,98.0,0.0,109.0,77.0,59.0,14.0,0.0,0.0,0.0,1.0,0.0,0.0,0.0,0.0,0.0,0.0,0.0,0.0,0.0,0.0,0.0,0.0,0.0,0.0,0.0,0.0,0.0,0.0,0.0,0.0,0.0,0.0,0.0,0
15836,79.0,99.0,0.0,109.0,77.0,59.0,11.0,0.0,6.0,0.0,1.0,7.42,48.0,0.0,0.0,0.0,0.0,0.0,0.0,0.0,0.0,0.0,0.0,0.0,0.0,0.0,0.0,0.0,0.0,0.0,0.0,0.0,0.0,0.0,0
15836,79.0,99.0,0.0,112.0,61.5,61.0,12.0,0.0,6.0,0.0,0.0,7.42,0.0,0.0,0.0,0.0,0.0,0.0,0.0,0.0,0.0,0.0,0.0,0.0,0.0,0.0,0.0,0.0,0.0,0.0,0.0,0.0,0.0,0.0,0
15836,77.0,97.0,37.89,94.0,69.0,67.0,11.0,0.0,0.0,0.0,1.0,0.0,0.0,0.0,0.0,0.0,0.0,0.0,0.0,0.0,0.0,0.0,0.0,0.0,0.0,0.0,0.0,0.0,0.0,0.0,0.0,0.0,0.0,0.0,0
15836,80.0,98.0,0.0,126.0,89.0,69.0,20.0,0.0,0.0,0.0,0.0,0.0,0.0,0.0,0.0,0.0,0.0,0.0,0.0,0.0,0.0,0.0,0.0,0.0,0.0,0.0,0.0,0.0,0.0,0.0,0.0,0.0,0.0,0.0,0
15836,73.0,99.0,0.0,107.0,76.0,59.0,9.0,0.0,0.0,0.0,0.0,0.0,0.0,0.0,0.0,0.0,0.0,0.0,0.0,0.0,0.0,0.0,0.0,0.0,0.0,0.0,0.0,0.0,0.0,0.0,0.0,0.0,0.0,0.0,0
15836,69.0,96.0,0.0,97.0,70.0,53.0,10.0,0.0,0.0,0.0,0.7,0.0,0.0,0.0,0.0,0.0,0.0,0.0,0.0,0.0,0.0,0.0,0.0,0.0,0.0,0.0,0.0,0.0,0.0,0.0,0.0,0.0,0.0,0.0,0
15836,73.0,98.0,37.0,109.0,78.0,60.0,10.0,0.0,0.0,0.0,0.7,0.0,0.0,0.0,0.0,0.0,0.0,0.0,0.0,0.0,0.0,0.0,0.0,0.0,0.0,0.0,0.0,0.0,0.0,0.0,0.0,0.0,0.0,0.0,0
15836,80.0,95.0,0.0,109.0,97.0,84.0,23.0,0.0,0.0,29.0,0.0,0.0,0.0,0.0,0.0,5.0,0.0,6.7,108.0,0.4,0.0,98.0,0.0,1.4,1.9,3.3,0.0,0.0,25.2,8.4,0.0,12.1,0.0,207.0,0
15836,71.0,98.0,0.0,114.0,172.0,62.0,15.0,0.0,4.0,29.0,0.0,7.43,46.0,0.0,0.0,5.0,0.0,0.0,108.0,0.0,0.0,0.0,0.0,1.4,0.0,3.3,0.0,0.0,25.2,8.4,0.0,12.1,0.0,0.0,0
15836,74.0,99.0,0.0,95.0,81.0,69.0,11.0,0.0,4.0,0.0,0.0,7.43,0.0,0.0,0.0,0.0,0.0,0.0,0.0,0.0,0.0,0.0,0.0,0.0,0.0,0.0,0.0,0.0,0.0,0.0,0.0,0.0,0.0,0.0,0
15836,74.0,97.0,36.89,88.0,73.5,74.0,10.0,0.0,0.0,0.0,0.5,0.0,0.0,0.0,0.0,0.0,0.0,0.0,0.0,0.0,0.0,0.0,0.0,0.0,0.0,0.0,0.0,0.0,0.0,0.0,0.0,0.0,0.0,0.0,0
15836,73.0,98.0,0.0,93.0,63.5,89.0,11.0,0.0,0.0,0.0,0.0,0.0,0.0,0.0,0.0,0.0,0.0,0.0,0.0,0.0,0.0,0.0,0.0,0.0,0.0,0.0,0.0,0.0,0.0,0.0,0.0,0.0,0.0,0.0,0
15836,75.0,97.0,0.0,0.0,57.0,0.0,12.0,0.0,0.0,0.0,0.0,0.0,0.0,0.0,0.0,0.0,0.0,0.0,0.0,0.0,0.0,0.0,0.0,0.0,0.0,0.0,0.0,0.0,0.0,0.0,0.0,0.0,0.0,0.0,0
15836,71.0,97.0,0.0,0.0,65.0,0.0,11.0,0.0,0.0,0.0,0.0,0.0,0.0,0.0,0.0,0.0,0.0,0.0,0.0,0.0,0.0,0.0,0.0,0.0,0.0,0.0,0.0,0.0,0.0,0.0,0.0,0.0,0.0,0.0,0
15836,75.0,98.0,37.5,0.0,66.0,0.0,11.0,0.0,0.0,0.0,0.0,0.0,0.0,0.0,0.0,0.0,0.0,0.0,0.0,0.0,0.0,0.0,0.0,0.0,0.0,0.0,0.0,0.0,0.0,0.0,0.0,0.0,0.0,0.0,0
15836,83.0,97.0,0.0,0.0,61.0,0.0,23.0,0.0,0.0,0.0,0.0,0.0,0.0,0.0,0.0,0.0,0.0,0.0,0.0,0.0,0.0,0.0,0.0,0.0,0.0,0.0,0.0,0.0,0.0,0.0,0.0,0.0,0.0,0.0,0
15836,75.0,98.0,0.0,0.0,59.0,0.0,17.0,0.0,0.0,0.0,0.0,0.0,0.0,0.0,0.0,0.0,0.0,0.0,0.0,0.0,0.0,0.0,0.0,0.0,0.0,0.0,0.0,0.0,0.0,0.0,0.0,0.0,0.0,0.0,0
15836,76.0,99.0,0.0,0.0,58.0,0.0,22.0,0.0,0.0,0.0,0.0,0.0,0.0,0.0,0.0,0.0,0.0,0.0,0.0,0.0,0.0,0.0,0.0,0.0,0.0,0.0,0.0,0.0,0.0,0.0,0.0,0.0,0.0,0.0,0
15836,77.0,97.0,36.67,0.0,56.0,0.0,15.0,0.0,0.0,0.0,0.0,0.0,0.0,0.0,0.0,0.0,0.0,0.0,0.0,0.0,0.0,0.0,0.0,0.0,0.0,0.0,0.0,0.0,0.0,0.0,0.0,0.0,0.0,0.0,0
15836,73.0,96.0,0.0,0.0,54.0,0.0,17.0,0.0,0.0,0.0,0.0,0.0,0.0,0.0,0.0,0.0,0.0,0.0,0.0,0.0,0.0,0.0,0.0,0.0,0.0,0.0,0.0,0.0,0.0,0.0,0.0,0.0,0.0,0.0,0
15836,74.0,97.0,0.0,0.0,55.0,0.0,13.0,0.0,0.0,0.0,0.0,0.0,0.0,0.0,0.0,0.0,0.0,0.0,0.0,0.0,0.0,0.0,0.0,0.0,0.0,0.0,0.0,0.0,0.0,0.0,0.0,0.0,0.0,0.0,0
15836,75.0,99.0,0.0,0.0,59.0,0.0,11.0,0.0,0.0,0.0,0.0,0.0,0.0,0.0,0.0,0.0,0.0,0.0,0.0,0.0,0.0,0.0,0.0,0.0,0.0,0.0,0.0,0.0,0.0,0.0,0.0,0.0,0.0,0.0,0
15836,81.0,90.0,37.39,0.0,67.0,0.0,16.0,0.0,0.0,0.0,0.4,0.0,0.0,0.0,0.0,0.0,0.0,8.1,100.0,0.0,0.0,114.0,0.0,2.0,0.0,3.9,0.0,0.0,0.0,0.0,0.0,0.0,0.0,0.0,1
15836,81.0,99.0,0.0,0.0,63.0,0.0,16.0,0.0,6.0,0.0,0.0,7.45,46.0,0.0,0.0,0.0,0.0,0.0,100.0,0.0,0.0,0.0,0.0,2.0,0.0,3.9,0.0,0.0,0.0,0.0,0.0,0.0,0.0,0.0,1
15836,80.0,94.0,0.0,0.0,65.0,0.0,15.0,0.0,6.0,0.0,0.0,7.45,0.0,0.0,0.0,0.0,0.0,0.0,0.0,0.0,0.0,0.0,0.0,0.0,0.0,0.0,0.0,0.0,0.0,0.0,0.0,0.0,0.0,0.0,1
15836,82.0,94.0,0.0,0.0,60.0,0.0,17.0,0.0,0.0,0.0,0.0,0.0,0.0,0.0,0.0,0.0,0.0,0.0,0.0,0.0,0.0,0.0,0.0,0.0,0.0,0.0,0.0,0.0,0.0,0.0,0.0,0.0,0.0,0.0,1
15836,90.0,87.0,0.0,0.0,57.0,0.0,19.5,0.0,5.0,0.0,0.0,7.38,56.0,79.0,0.0,0.0,0.0,0.0,0.0,0.0,0.0,0.0,0.7,0.0,0.0,0.0,0.0,0.0,0.0,0.0,0.0,0.0,0.0,0.0,1
15836,90.0,81.5,0.0,137.0,90.0,61.0,20.0,0.0,5.5,0.0,1.0,7.4,48.0,88.5,0.0,0.0,0.0,0.0,0.0,0.0,0.0,0.0,0.7,0.0,0.0,0.0,0.0,0.0,0.0,0.0,0.0,0.0,0.0,0.0,1
15836,82.0,95.0,39.28,151.0,101.0,77.0,18.0,0.0,6.0,0.0,0.0,7.43,0.0,98.0,0.0,0.0,0.0,0.0,0.0,0.0,0.0,0.0,0.0,0.0,0.0,0.0,0.0,0.0,0.0,0.0,0.0,0.0,0.0,0.0,1
15836,88.0,98.0,0.0,138.0,94.0,70.0,22.0,0.0,0.0,30.0,0.0,0.0,0.0,0.0,0.0,7.0,0.0,8.4,100.0,0.5,0.0,126.0,0.0,1.8,2.9,3.9,0.0,0.0,25.5,8.6,0.0,13.4,0.0,279.0,1
15836,77.0,100.0,38.17,128.0,88.0,67.0,22.0,0.0,0.0,30.0,0.0,0.0,0.0,0.0,0.0,7.0,0.0,0.0,100.0,0.0,0.0,0.0,0.0,1.8,0.0,3.9,0.0,0.0,25.5,8.6,0.0,13.4,0.0,0.0,1
15836,93.0,100.0,0.0,108.0,76.0,59.0,20.5,0.0,0.0,0.0,1.0,0.0,0.0,0.0,0.0,0.0,0.0,0.0,0.0,0.0,0.0,0.0,0.0,0.0,0.0,0.0,0.0,0.0,0.0,0.0,0.0,0.0,0.0,0.0,1
