15922,0.0,0.0,0.0,0.0,0.0,0.0,0.0,0.0,0.0,0.0,0.0,0.0,0.0,0.0,0.0,0.0,0.0,0.0,0.0,0.0,0.0,0.0,0.0,0.0,0.0,0.0,0.0,0.0,0.0,0.0,0.0,0.0,0.0,0.0,0
15922,84.0,97.0,0.0,0.0,93.0,0.0,24.0,0.0,0.0,0.0,0.0,0.0,0.0,0.0,0.0,0.0,0.0,0.0,0.0,0.0,0.0,0.0,0.0,0.0,0.0,0.0,0.0,0.0,0.0,0.0,0.0,0.0,0.0,0.0,0
15922,84.0,100.0,36.89,0.0,91.0,0.0,25.0,0.0,0.0,0.0,0.0,0.0,0.0,0.0,0.0,0.0,0.0,0.0,0.0,0.0,0.0,0.0,0.0,0.0,0.0,0.0,0.0,0.0,0.0,0.0,0.0,0.0,0.0,0.0,0
15922,86.0,97.0,0.0,0.0,72.0,0.0,29.0,0.0,0.0,0.0,0.0,0.0,0.0,0.0,0.0,0.0,0.0,0.0,0.0,0.0,0.0,0.0,0.0,0.0,0.0,0.0,0.0,0.0,0.0,0.0,0.0,0.0,0.0,0.0,0
15922,82.0,100.0,0.0,0.0,90.0,0.0,29.0,0.0,0.0,0.0,0.0,0.0,0.0,0.0,0.0,0.0,0.0,0.0,0.0,0.0,0.0,0.0,0.0,0.0,0.0,0.0,0.0,0.0,0.0,0.0,0.0,0.0,0.0,0.0,0
15922,86.0,96.0,0.0,0.0,93.0,0.0,31.0,0.0,0.0,0.0,0.0,0.0,0.0,0.0,0.0,0.0,0.0,0.0,0.0,0.0,0.0,0.0,0.0,0.0,0.0,0.0,0.0,0.0,0.0,0.0,0.0,0.0,0.0,0.0,0
15922,92.0,97.0,37.0,0.0,94.0,0.0,22.0,0.0,0.0,25.0,0.0,0.0,0.0,0.0,217.0,18.0,62.0,8.6,103.0,1.5,0.0,121.0,0.0,1.6,2.5,4.1,0.7,0.0,36.5,12.9,37.5,10.9,0.0,276.0,0
15922,93.0,95.0,0.0,0.0,98.0,0.0,28.0,0.0,0.0,25.0,0.0,0.0,0.0,0.0,217.0,18.0,62.0,0.0,103.0,0.0,0.0,0.0,0.0,1.6,0.0,4.1,0.0,0.0,36.5,12.9,0.0,10.9,0.0,0.0,0
15922,92.0,96.0,0.0,0.0,78.0,0.0,32.0,0.0,0.0,0.0,0.0,0.0,0.0,0.0,0.0,0.0,0.0,0.0,0.0,0.0,0.0,0.0,0.0,0.0,0.0,0.0,0.0,0.0,0.0,0.0,0.0,0.0,0.0,0.0,0
15922,90.0,97.0,0.0,0.0,87.0,0.0,29.0,0.0,0.0,0.0,0.0,0.0,0.0,0.0,0.0,0.0,0.0,0.0,0.0,0.0,0.0,0.0,0.0,0.0,0.0,0.0,0.0,0.0,0.0,0.0,0.0,0.0,0.0,0.0,0
15922,93.0,98.0,37.56,0.0,90.0,0.0,16.0,0.0,0.0,0.0,0.0,0.0,0.0,0.0,0.0,0.0,0.0,0.0,0.0,0.0,0.0,0.0,0.0,0.0,0.0,0.0,0.0,0.0,0.0,0.0,0.0,0.0,0.0,0.0,0
15922,88.0,95.0,0.0,0.0,78.0,0.0,27.0,0.0,0.0,0.0,0.0,0.0,0.0,0.0,0.0,0.0,0.0,0.0,0.0,0.0,0.0,0.0,0.0,0.0,0.0,0.0,0.0,0.0,0.0,0.0,0.0,0.0,0.0,0.0,0
15922,86.0,97.0,0.0,0.0,82.0,0.0,31.0,0.0,0.0,0.0,0.0,0.0,0.0,0.0,0.0,0.0,0.0,0.0,0.0,0.0,0.0,0.0,0.0,0.0,0.0,0.0,0.0,0.0,0.0,0.0,0.0,0.0,0.0,0.0,0
15922,88.0,98.0,0.0,0.0,78.0,0.0,25.0,0.0,0.0,0.0,0.0,0.0,0.0,0.0,0.0,0.0,0.0,0.0,0.0,0.0,0.0,0.0,0.0,0.0,0.0,0.0,0.0,0.0,0.0,0.0,0.0,0.0,0.0,0.0,0
15922,88.0,95.0,37.17,0.0,79.0,0.0,17.0,0.0,0.0,0.0,0.0,0.0,0.0,0.0,0.0,0.0,0.0,0.0,0.0,0.0,0.0,0.0,0.0,0.0,0.0,0.0,0.0,0.0,0.0,0.0,0.0,0.0,0.0,0.0,0
15922,84.0,94.0,0.0,0.0,83.0,0.0,26.0,0.0,0.0,0.0,0.0,0.0,0.0,0.0,0.0,0.0,0.0,0.0,0.0,0.0,0.0,0.0,0.0,0.0,0.0,0.0,0.0,0.0,0.0,0.0,0.0,0.0,0.0,0.0,0
15922,86.0,97.0,0.0,0.0,81.0,0.0,19.0,0.0,0.0,0.0,0.0,0.0,0.0,0.0,0.0,0.0,0.0,0.0,0.0,0.0,0.0,0.0,0.0,0.0,0.0,0.0,0.0,0.0,0.0,0.0,0.0,0.0,0.0,0.0,0
15922,85.0,98.0,0.0,0.0,80.0,0.0,28.0,0.0,0.0,0.0,0.0,0.0,0.0,0.0,0.0,0.0,0.0,0.0,0.0,0.0,0.0,0.0,0.0,0.0,0.0,0.0,0.0,0.0,0.0,0.0,49.7,0.0,0.0,0.0,0
15922,82.0,97.0,37.5,0.0,78.0,0.0,30.0,0.0,0.0,0.0,0.0,0.0,0.0,0.0,0.0,0.0,0.0,0.0,0.0,0.0,0.0,0.0,0.0,0.0,0.0,0.0,0.0,0.0,0.0,0.0,0.0,0.0,0.0,0.0,0
15922,84.0,99.0,0.0,0.0,80.0,0.0,21.0,0.0,0.0,0.0,0.0,0.0,0.0,0.0,0.0,0.0,0.0,0.0,0.0,0.0,0.0,0.0,0.0,0.0,0.0,0.0,0.0,0.0,0.0,0.0,0.0,0.0,0.0,0.0,0
15922,85.0,98.0,0.0,0.0,71.0,0.0,19.0,0.0,0.0,0.0,0.0,0.0,0.0,0.0,0.0,0.0,0.0,0.0,0.0,0.0,0.0,0.0,0.0,0.0,0.0,0.0,0.0,0.0,0.0,0.0,0.0,0.0,0.0,0.0,0
15922,81.0,97.0,0.0,0.0,80.0,0.0,25.0,0.0,0.0,0.0,0.0,0.0,0.0,0.0,0.0,0.0,0.0,0.0,0.0,0.0,0.0,0.0,0.0,0.0,0.0,0.0,0.0,0.0,0.0,0.0,0.0,0.0,0.0,0.0,0
15922,89.0,95.0,37.5,0.0,69.0,0.0,28.0,0.0,0.0,0.0,0.0,0.0,0.0,0.0,0.0,0.0,0.0,0.0,0.0,0.0,0.0,0.0,0.0,0.0,0.0,0.0,0.0,0.0,0.0,0.0,0.0,0.0,0.0,0.0,0
15922,85.0,96.0,0.0,0.0,80.0,0.0,29.0,0.0,0.0,0.0,0.0,0.0,0.0,0.0,0.0,0.0,0.0,0.0,0.0,0.0,0.0,0.0,0.0,0.0,0.0,0.0,0.0,0.0,0.0,0.0,0.0,0.0,0.0,0.0,0
15922,84.0,97.0,0.0,0.0,79.0,0.0,29.0,0.0,0.0,0.0,0.0,0.0,0.0,0.0,0.0,0.0,0.0,0.0,0.0,0.0,0.0,0.0,0.0,0.0,0.0,0.0,0.0,0.0,0.0,0.0,0.0,0.0,0.0,0.0,0
15922,82.0,96.0,0.0,0.0,79.0,0.0,27.0,0.0,0.0,0.0,0.0,0.0,0.0,0.0,0.0,0.0,0.0,0.0,0.0,0.0,0.0,0.0,0.0,0.0,0.0,0.0,0.0,0.0,0.0,0.0,66.3,0.0,0.0,0.0,0
15922,77.0,96.0,37.39,0.0,76.0,0.0,27.0,0.0,0.0,0.0,0.0,0.0,0.0,0.0,0.0,0.0,0.0,0.0,0.0,0.0,0.0,0.0,0.0,0.0,0.0,0.0,0.0,0.0,0.0,0.0,0.0,0.0,0.0,0.0,0
15922,81.0,97.0,0.0,0.0,80.0,0.0,27.0,0.0,0.0,0.0,0.0,0.0,0.0,0.0,0.0,0.0,0.0,0.0,0.0,0.0,0.0,0.0,0.0,0.0,0.0,0.0,0.0,0.0,0.0,0.0,0.0,0.0,0.0,0.0,0
15922,76.0,95.0,0.0,0.0,79.0,0.0,25.0,0.0,0.0,0.0,0.0,0.0,0.0,0.0,0.0,0.0,0.0,0.0,0.0,0.0,0.0,0.0,0.0,0.0,0.0,0.0,0.0,0.0,0.0,0.0,0.0,0.0,0.0,0.0,0
15922,87.0,94.0,0.0,0.0,91.0,0.0,26.0,0.0,0.0,0.0,0.0,0.0,0.0,0.0,0.0,0.0,0.0,0.0,0.0,0.0,0.0,0.0,0.0,0.0,0.0,0.0,0.0,0.0,0.0,0.0,0.0,0.0,0.0,0.0,0
15922,82.0,95.0,37.56,0.0,86.0,0.0,23.0,0.0,0.0,27.0,0.0,0.0,0.0,0.0,0.0,19.0,0.0,8.7,101.0,1.6,0.0,120.0,0.0,2.3,2.4,3.8,0.0,0.0,33.6,11.6,67.0,12.3,0.0,285.0,0
15922,84.0,97.0,0.0,0.0,95.0,0.0,29.0,0.0,0.0,27.0,0.0,0.0,0.0,0.0,0.0,19.0,0.0,0.0,101.0,0.0,0.0,0.0,0.0,2.3,0.0,3.8,0.0,0.0,33.6,11.6,0.0,12.3,0.0,0.0,0
15922,92.0,95.0,37.83,0.0,75.0,0.0,27.0,0.0,0.0,0.0,0.0,0.0,0.0,0.0,0.0,0.0,0.0,0.0,0.0,0.0,0.0,0.0,0.0,0.0,0.0,0.0,0.0,0.0,0.0,0.0,0.0,0.0,0.0,0.0,0
15922,0.0,0.0,0.0,0.0,0.0,0.0,0.0,0.0,0.0,0.0,0.0,7.37,45.0,0.0,0.0,0.0,0.0,0.0,0.0,0.0,0.0,116.0,0.7,0.0,0.0,0.0,0.0,0.0,35.0,11.7,0.0,0.0,0.0,0.0,0
15922,0.0,0.0,0.0,0.0,0.0,0.0,0.0,0.0,0.0,0.0,0.0,0.0,0.0,0.0,0.0,0.0,0.0,0.0,0.0,0.0,0.0,0.0,0.0,0.0,0.0,0.0,0.0,0.0,0.0,0.0,0.0,0.0,0.0,0.0,0
15922,0.0,0.0,0.0,0.0,0.0,0.0,0.0,0.0,-1.0,0.0,0.0,7.34,45.0,0.0,0.0,0.0,0.0,0.0,0.0,0.0,0.0,116.0,0.0,0.0,0.0,0.0,0.0,0.0,28.0,9.2,0.0,0.0,0.0,0.0,0
15922,0.0,0.0,0.0,0.0,0.0,0.0,0.0,0.0,-1.5,0.0,0.0,7.35,41.0,0.0,0.0,0.0,0.0,0.0,0.0,0.0,0.0,150.0,0.0,0.0,0.0,0.0,0.0,0.0,28.0,9.2,0.0,0.0,0.0,0.0,0
15922,0.0,0.0,0.0,0.0,0.0,0.0,0.0,0.0,-3.0,0.0,0.0,7.32,50.5,0.0,0.0,0.0,0.0,0.0,0.0,0.0,0.0,145.0,1.9,0.0,0.0,0.0,0.0,0.0,28.0,9.35,0.0,0.0,0.0,0.0,0
15922,0.0,0.0,0.0,0.0,0.0,0.0,0.0,0.0,-5.5,0.0,0.0,7.2,61.5,0.0,0.0,0.0,0.0,0.0,0.0,0.0,0.0,134.5,1.9,0.0,0.0,0.0,0.0,0.0,30.98,10.32,31.1,21.3,512.0,296.0,0
15922,0.0,0.0,0.0,0.0,0.0,0.0,0.0,0.0,-6.0,24.0,0.0,7.18,0.0,0.0,0.0,18.0,0.0,0.0,107.0,1.9,0.0,0.0,1.85,0.0,0.0,5.1,0.0,0.0,30.2,10.5,34.9,21.4,512.0,249.0,0
15922,103.0,99.5,37.5,116.0,80.0,65.0,17.0,0.0,-3.0,24.0,1.0,7.31,46.0,0.0,0.0,18.0,0.0,0.0,107.0,0.0,0.0,145.0,0.0,0.0,0.0,5.1,0.0,0.0,33.5,11.8,0.0,21.5,0.0,0.0,0
15922,105.0,100.0,37.3,117.0,84.0,69.0,21.0,0.0,-3.0,0.0,0.0,7.34,37.0,98.0,0.0,0.0,0.0,0.0,0.0,0.0,0.0,0.0,1.9,0.0,0.0,0.0,0.0,0.0,0.0,0.0,0.0,0.0,0.0,0.0,0
15922,107.5,100.0,37.35,109.0,81.0,69.0,20.5,0.0,-3.0,0.0,0.7,7.37,0.0,98.0,0.0,0.0,0.0,0.0,0.0,0.0,0.0,0.0,1.9,0.0,0.0,0.0,0.0,0.0,0.0,0.0,0.0,0.0,0.0,0.0,0
15922,107.0,100.0,37.6,106.0,81.0,69.0,17.0,0.0,0.0,0.0,0.0,0.0,0.0,0.0,0.0,0.0,0.0,0.0,0.0,0.0,0.0,0.0,0.0,0.0,0.0,0.0,0.0,0.0,0.0,0.0,0.0,0.0,0.0,0.0,0
15922,105.0,100.0,37.4,112.0,83.0,69.0,18.0,0.0,0.0,0.0,0.6,0.0,0.0,0.0,0.0,0.0,0.0,0.0,0.0,0.0,0.0,0.0,0.0,0.0,0.0,0.0,0.0,0.0,0.0,0.0,0.0,0.0,0.0,0.0,0
15922,105.0,100.0,37.4,100.0,73.0,61.0,23.0,0.0,-3.0,0.0,0.6,7.38,35.0,97.0,0.0,0.0,0.0,0.0,106.0,0.0,0.0,160.0,2.8,2.3,0.0,4.5,0.0,0.0,26.8,0.0,0.0,0.0,0.0,0.0,0
15922,111.0,100.0,37.8,84.0,64.0,54.0,25.0,0.0,-3.0,0.0,0.0,7.38,0.0,97.0,0.0,0.0,0.0,0.0,106.0,0.0,0.0,0.0,2.8,2.3,0.0,4.5,0.0,0.0,26.8,0.0,0.0,0.0,0.0,0.0,0
15922,112.0,100.0,37.6,105.0,76.0,64.0,21.0,0.0,-1.0,0.0,0.0,7.4,35.0,75.0,0.0,0.0,0.0,0.0,0.0,0.0,0.0,142.0,1.8,0.0,0.0,0.0,0.0,0.0,0.0,0.0,0.0,0.0,0.0,0.0,0
15922,112.0,98.0,37.8,98.0,73.0,63.0,20.0,0.0,-1.0,0.0,0.0,7.4,0.0,96.0,0.0,0.0,0.0,0.0,0.0,0.0,0.0,0.0,1.8,0.0,0.0,0.0,0.0,0.0,0.0,0.0,0.0,0.0,0.0,0.0,0
15922,112.0,99.0,38.0,97.0,74.0,64.0,21.0,0.0,0.0,0.0,0.0,0.0,0.0,0.0,0.0,0.0,0.0,0.0,0.0,0.0,0.0,0.0,0.0,0.0,0.0,0.0,0.0,0.0,0.0,0.0,0.0,0.0,0.0,0.0,0
15922,111.5,99.0,38.2,96.5,73.0,62.0,19.25,0.0,-1.0,0.0,0.5,7.42,34.0,96.0,0.0,0.0,0.0,0.0,0.0,0.0,0.0,112.0,0.0,0.0,0.0,0.0,0.0,0.0,0.0,0.0,0.0,0.0,0.0,0.0,0
15922,115.0,100.0,38.3,108.0,79.0,66.0,20.0,0.0,-1.0,0.0,0.0,7.42,0.0,78.5,0.0,0.0,0.0,0.0,0.0,0.0,0.0,0.0,0.0,0.0,0.0,0.0,0.0,0.0,0.0,0.0,0.0,0.0,0.0,0.0,0
15922,118.0,96.0,38.4,106.0,79.0,66.0,19.0,0.0,0.0,22.0,0.0,7.43,35.0,97.0,0.0,18.0,0.0,0.0,106.0,1.9,0.0,128.0,0.0,2.2,0.0,4.6,0.0,0.0,28.9,10.8,0.0,12.9,0.0,217.0,0
15922,119.0,96.0,38.3,106.0,78.0,66.0,22.0,0.0,0.0,22.0,0.0,7.43,0.0,97.0,0.0,18.0,0.0,0.0,106.0,0.0,0.0,0.0,0.0,2.2,0.0,4.6,0.0,0.0,28.9,10.8,0.0,12.9,0.0,0.0,0
