16816,76.0,100.0,0.0,122.0,79.0,58.0,14.0,0.0,-2.0,23.0,0.75,7.36,39.0,68.0,0.0,21.0,0.0,0.0,109.0,0.5,0.0,129.0,1.7,0.0,0.0,0.0,0.0,0.0,29.6,9.4,41.5,11.8,0.0,100.0,0
16816,66.0,100.0,0.0,118.0,77.0,54.0,14.0,0.0,-2.0,23.0,0.0,7.37,0.0,0.0,0.0,21.0,0.0,0.0,109.0,0.0,0.0,0.0,0.0,0.0,0.0,0.0,0.0,0.0,29.6,9.4,0.0,11.8,0.0,0.0,0
16816,69.0,100.0,0.0,108.0,71.5,52.0,13.5,0.0,0.0,0.0,0.6,7.45,34.0,98.0,0.0,0.0,0.0,0.0,0.0,0.0,0.0,140.0,0.0,0.0,0.0,0.0,0.0,0.0,0.0,0.0,0.0,0.0,0.0,0.0,0
16816,70.5,100.0,0.0,101.5,85.5,74.5,19.5,0.0,0.0,0.0,0.0,7.45,0.0,98.0,0.0,0.0,0.0,0.0,0.0,0.0,0.0,0.0,0.0,0.0,0.0,3.9,0.0,0.0,27.7,0.0,0.0,0.0,0.0,0.0,0
16816,87.0,100.0,0.0,97.0,50.0,53.0,12.5,0.0,-1.0,0.0,0.4,7.37,40.0,77.0,0.0,0.0,0.0,0.0,0.0,0.0,0.0,93.0,0.0,0.0,0.0,3.9,0.0,0.0,27.7,0.0,0.0,0.0,0.0,0.0,0
16816,77.0,100.0,0.0,84.0,56.0,43.0,12.0,0.0,-1.5,0.0,0.0,7.37,39.0,98.0,0.0,0.0,0.0,0.0,0.0,0.0,0.0,84.0,0.0,0.0,0.0,0.0,0.0,0.0,0.0,0.0,0.0,0.0,0.0,0.0,0
16816,82.0,100.0,0.0,92.0,61.0,47.0,12.0,0.0,-2.0,0.0,0.0,7.37,0.0,85.0,0.0,0.0,0.0,0.0,0.0,0.0,0.0,0.0,0.0,0.0,0.0,0.0,0.0,0.0,0.0,0.0,0.0,0.0,0.0,0.0,0
16816,85.0,100.0,0.0,127.0,82.0,61.0,12.0,0.0,0.0,0.0,0.0,0.0,0.0,0.0,0.0,0.0,0.0,0.0,0.0,0.0,0.0,0.0,0.0,0.0,0.0,0.0,0.0,0.0,0.0,0.0,0.0,0.0,0.0,0.0,0
16816,85.5,100.0,0.0,109.0,72.0,55.0,12.5,0.0,-2.0,0.0,0.0,7.37,39.0,85.0,0.0,0.0,0.0,0.0,109.0,0.0,0.0,103.0,1.0,2.0,0.0,4.9,0.0,0.0,30.5,10.1,0.0,0.0,0.0,0.0,0
16816,83.0,100.0,0.0,107.5,71.0,55.0,11.0,0.0,-2.0,0.0,0.0,7.37,0.0,98.0,0.0,0.0,0.0,0.0,109.0,0.0,0.0,0.0,1.0,2.0,0.0,4.9,0.0,0.0,30.5,10.1,0.0,0.0,0.0,0.0,0
16816,82.0,100.0,0.0,98.0,69.5,57.5,14.0,0.0,0.0,0.0,0.0,0.0,0.0,0.0,0.0,0.0,0.0,0.0,0.0,0.0,0.0,0.0,0.0,0.0,0.0,0.0,0.0,0.0,0.0,0.0,0.0,0.0,0.0,0.0,0
16816,87.0,100.0,0.0,108.0,74.0,61.0,12.0,0.0,0.0,0.0,0.0,0.0,0.0,0.0,0.0,0.0,0.0,0.0,0.0,0.0,0.0,0.0,0.0,0.0,0.0,0.0,0.0,0.0,0.0,0.0,0.0,0.0,0.0,0.0,0
