1689,0.0,0.0,0.0,0.0,0.0,0.0,0.0,0.0,0.0,0.0,0.0,0.0,0.0,0.0,0.0,0.0,0.0,0.0,0.0,0.0,0.0,0.0,0.0,0.0,0.0,0.0,0.0,0.0,0.0,0.0,0.0,0.0,0.0,0.0,0
1689,94.0,100.0,0.0,127.5,83.0,55.5,17.0,0.0,0.0,0.0,0.0,0.0,0.0,0.0,0.0,0.0,0.0,0.0,0.0,0.0,0.0,0.0,0.0,0.0,0.0,0.0,0.0,0.0,0.0,0.0,0.0,0.0,0.0,0.0,0
1689,104.0,97.0,0.0,104.0,71.0,51.0,12.0,0.0,0.0,0.0,0.0,0.0,0.0,0.0,0.0,0.0,0.0,0.0,0.0,0.0,0.0,0.0,0.0,0.0,0.0,0.0,0.0,0.0,0.0,0.0,0.0,0.0,0.0,0.0,0
1689,101.0,0.0,36.94,102.0,73.0,54.0,13.0,0.0,0.0,0.0,0.0,0.0,0.0,0.0,0.0,0.0,0.0,0.0,0.0,0.0,0.0,0.0,0.0,0.0,0.0,0.0,0.0,0.0,0.0,0.0,0.0,0.0,0.0,0.0,0
1689,104.0,97.5,0.0,113.0,81.0,61.0,13.0,0.0,0.0,0.0,0.0,0.0,0.0,0.0,0.0,0.0,0.0,0.0,0.0,0.0,0.0,0.0,0.0,0.0,0.0,0.0,0.0,0.0,0.0,0.0,0.0,0.0,0.0,0.0,0
1689,103.0,98.0,0.0,93.0,69.0,53.0,21.0,0.0,0.0,0.0,0.0,0.0,0.0,0.0,0.0,0.0,0.0,0.0,0.0,0.0,0.0,0.0,0.0,0.0,0.0,0.0,0.0,0.0,29.4,0.0,0.0,0.0,0.0,0.0,0
1689,115.0,100.0,0.0,97.0,72.0,56.0,17.0,0.0,0.0,0.0,0.0,0.0,0.0,0.0,0.0,0.0,0.0,0.0,0.0,0.0,0.0,0.0,0.0,0.0,0.0,0.0,0.0,0.0,29.4,0.0,0.0,0.0,0.0,0.0,0
1689,113.0,100.0,36.89,101.0,67.0,57.0,16.0,0.0,0.0,0.0,0.0,0.0,0.0,0.0,0.0,0.0,0.0,0.0,0.0,0.0,0.0,0.0,0.0,0.0,0.0,0.0,0.0,0.0,0.0,0.0,0.0,0.0,0.0,0.0,0
1689,105.0,99.0,0.0,106.0,65.5,54.0,16.0,0.0,0.0,0.0,0.0,0.0,0.0,0.0,0.0,0.0,0.0,0.0,0.0,0.0,0.0,0.0,0.0,0.0,0.0,0.0,0.0,0.0,0.0,0.0,0.0,0.0,0.0,0.0,0
1689,108.0,99.0,0.0,95.0,65.5,54.0,21.0,0.0,0.0,0.0,0.0,0.0,0.0,0.0,0.0,0.0,0.0,0.0,0.0,0.0,0.0,0.0,0.0,0.0,0.0,0.0,0.0,0.0,0.0,0.0,0.0,0.0,0.0,0.0,0
1689,114.0,100.0,0.0,82.0,54.0,49.0,23.0,0.0,0.0,22.0,0.0,0.0,0.0,0.0,0.0,19.0,0.0,7.5,109.0,1.0,0.0,138.0,0.0,1.6,4.9,4.4,0.0,0.0,23.8,7.2,31.3,66.3,257.0,115.0,0
1689,116.0,99.0,37.0,88.0,60.5,46.0,22.0,0.0,0.0,22.0,0.0,0.0,0.0,0.0,0.0,19.0,0.0,0.0,109.0,0.0,0.0,0.0,0.0,1.6,0.0,4.4,0.0,0.0,23.8,7.2,0.0,66.3,257.0,0.0,0
1689,122.0,96.0,0.0,95.0,55.0,51.0,24.0,0.0,0.0,0.0,0.0,0.0,0.0,0.0,0.0,0.0,0.0,0.0,0.0,0.0,0.0,0.0,0.0,0.0,0.0,0.0,0.0,0.0,0.0,0.0,0.0,0.0,0.0,0.0,0
1689,112.0,95.0,0.0,107.0,75.0,56.0,23.0,0.0,0.0,0.0,0.0,0.0,0.0,0.0,0.0,0.0,0.0,0.0,0.0,0.0,0.0,0.0,0.0,0.0,0.0,0.0,0.0,0.0,28.9,0.0,0.0,0.0,0.0,0.0,0
1689,116.0,95.0,0.0,112.0,75.0,55.0,20.0,0.0,0.0,0.0,0.0,0.0,0.0,0.0,0.0,0.0,0.0,0.0,0.0,0.0,0.0,0.0,0.0,0.0,0.0,0.0,0.0,0.0,28.9,0.0,0.0,0.0,0.0,0.0,0
1689,116.0,97.0,36.56,105.0,76.0,59.0,25.0,0.0,0.0,0.0,0.0,0.0,0.0,0.0,0.0,0.0,0.0,0.0,0.0,0.0,0.0,0.0,0.0,0.0,0.0,0.0,0.0,0.0,0.0,0.0,0.0,0.0,0.0,0.0,0
1689,115.0,95.0,0.0,0.0,68.0,0.0,22.0,0.0,0.0,0.0,0.0,0.0,0.0,0.0,0.0,0.0,0.0,0.0,0.0,0.0,0.0,0.0,0.0,0.0,0.0,0.0,0.0,0.0,0.0,0.0,0.0,0.0,0.0,0.0,0
1689,119.0,96.0,0.0,0.0,68.0,0.0,22.0,0.0,0.0,0.0,0.0,0.0,0.0,0.0,0.0,0.0,0.0,0.0,0.0,0.0,0.0,0.0,0.0,0.0,0.0,0.0,0.0,0.0,0.0,0.0,0.0,0.0,0.0,0.0,0
1689,120.0,96.0,0.0,0.0,67.5,0.0,20.0,0.0,0.0,0.0,0.0,0.0,0.0,0.0,0.0,0.0,0.0,0.0,0.0,0.0,0.0,0.0,0.0,0.0,0.0,0.0,0.0,0.0,0.0,0.0,0.0,0.0,0.0,0.0,0
1689,118.0,96.0,36.89,0.0,63.0,0.0,26.0,0.0,0.0,0.0,0.0,0.0,0.0,0.0,0.0,0.0,0.0,0.0,0.0,0.0,0.0,0.0,0.0,0.0,0.0,0.0,0.0,0.0,0.0,0.0,0.0,0.0,0.0,0.0,0
1689,114.0,95.0,0.0,0.0,66.0,0.0,18.0,0.0,0.0,24.0,0.0,0.0,0.0,0.0,0.0,23.0,0.0,7.1,104.0,1.3,0.0,129.0,0.0,1.6,4.7,4.8,0.0,0.0,21.9,0.0,29.2,0.0,0.0,120.0,0
1689,107.0,98.0,0.0,0.0,63.0,0.0,24.0,0.0,0.0,23.0,0.0,7.41,0.0,0.0,0.0,23.0,0.0,0.0,104.0,0.0,0.0,129.0,3.0,1.6,0.0,4.8,0.0,0.0,21.95,7.3,0.0,0.0,0.0,0.0,0
1689,105.0,97.0,0.0,0.0,63.0,0.0,20.0,0.0,0.0,0.0,0.0,0.0,0.0,0.0,0.0,0.0,0.0,0.0,0.0,0.0,0.0,0.0,3.0,0.0,0.0,0.0,0.0,0.0,0.0,7.3,0.0,0.0,0.0,0.0,0
1689,97.5,99.0,36.61,0.0,73.0,0.0,20.5,0.0,0.0,0.0,0.0,0.0,0.0,0.0,0.0,0.0,0.0,0.0,0.0,0.0,0.0,0.0,0.0,0.0,0.0,0.0,0.0,0.0,0.0,0.0,0.0,0.0,0.0,0.0,0
1689,103.0,96.0,36.56,0.0,80.0,0.0,24.0,0.0,0.0,0.0,0.0,0.0,0.0,0.0,0.0,0.0,0.0,0.0,0.0,0.0,0.0,0.0,0.0,0.0,0.0,0.0,0.0,0.0,0.0,0.0,0.0,0.0,0.0,0.0,0
1689,100.5,97.5,36.61,0.0,76.0,0.0,24.5,0.0,0.0,0.0,0.0,7.47,32.0,0.0,0.0,0.0,0.0,0.0,0.0,0.0,0.0,0.0,1.5,0.0,0.0,0.0,0.0,0.0,25.95,8.7,0.0,0.0,0.0,0.0,0
1689,0.0,0.0,0.0,0.0,0.0,0.0,0.0,0.0,-1.0,0.0,0.6,7.42,39.0,0.0,0.0,0.0,0.0,0.0,0.0,0.0,0.0,137.0,1.6,0.0,0.0,0.0,0.0,0.0,25.45,8.5,0.0,0.0,0.0,0.0,0
1689,0.0,0.0,0.0,0.0,0.0,0.0,16.0,0.0,-2.0,0.0,0.5,7.37,0.0,0.0,0.0,0.0,0.0,0.0,0.0,0.0,0.0,0.0,1.7,0.0,0.0,0.0,0.0,0.0,0.0,8.3,0.0,0.0,0.0,0.0,0
1689,89.5,100.0,36.11,156.0,105.0,68.0,16.0,0.0,0.0,25.0,0.0,0.0,0.0,0.0,0.0,23.0,0.0,7.4,103.0,1.1,0.0,129.0,1.5,1.6,5.5,4.5,0.0,0.0,33.4,11.0,30.5,67.5,0.0,176.0,0
1689,96.5,100.0,0.0,139.0,90.0,61.5,14.5,0.0,0.0,25.0,0.0,0.0,0.0,0.0,0.0,23.0,0.0,0.0,103.0,0.0,0.0,0.0,1.5,1.6,0.0,4.5,0.0,0.0,33.4,11.0,0.0,67.5,0.0,0.0,0
1689,99.0,99.0,0.0,114.0,76.0,54.0,14.0,0.0,0.0,0.0,0.0,0.0,0.0,0.0,0.0,0.0,0.0,0.0,0.0,0.0,0.0,0.0,0.0,0.0,0.0,0.0,0.0,0.0,0.0,0.0,0.0,0.0,0.0,0.0,0
1689,101.0,99.0,36.72,107.0,71.0,51.0,17.0,0.0,0.0,0.0,0.5,0.0,0.0,0.0,0.0,0.0,0.0,0.0,0.0,0.0,0.0,0.0,0.0,0.0,0.0,0.0,0.0,0.0,31.7,0.0,0.0,0.0,0.0,0.0,0
1689,105.0,99.0,0.0,98.0,67.0,49.0,20.0,0.0,0.0,0.0,0.0,0.0,0.0,0.0,0.0,0.0,0.0,0.0,0.0,0.0,0.0,0.0,0.0,0.0,0.0,0.0,0.0,0.0,31.7,0.0,0.0,0.0,0.0,0.0,0
1689,107.0,99.0,0.0,100.0,68.0,50.0,17.0,0.0,0.0,25.0,0.0,7.43,33.0,0.0,39.0,26.0,86.0,7.4,104.0,1.2,0.0,137.0,1.5,2.2,5.0,4.7,0.2,0.0,27.0,9.1,26.8,0.0,371.0,0.0,0
1689,106.0,99.0,0.0,99.0,66.0,47.0,16.0,0.0,0.0,25.0,0.0,7.43,0.0,0.0,39.0,26.0,86.0,0.0,104.0,0.0,0.0,0.0,1.5,2.2,0.0,4.7,0.0,0.0,29.7,9.1,0.0,0.0,371.0,0.0,0
1689,105.0,100.0,36.94,102.0,68.0,49.0,16.5,0.0,0.0,0.0,0.5,0.0,0.0,0.0,0.0,0.0,0.0,0.0,0.0,0.0,0.0,0.0,0.0,0.0,0.0,0.0,0.0,0.0,29.7,0.0,0.0,0.0,0.0,0.0,0
1689,104.0,99.0,0.0,113.0,75.0,55.0,18.0,0.0,0.0,0.0,0.0,0.0,0.0,0.0,0.0,0.0,0.0,0.0,0.0,0.0,0.0,0.0,0.0,0.0,0.0,0.0,0.0,0.0,0.0,0.0,0.0,0.0,0.0,0.0,0
1689,101.0,100.0,0.0,118.0,77.0,54.0,18.0,0.0,0.0,0.0,0.0,0.0,0.0,0.0,0.0,0.0,0.0,0.0,0.0,0.0,0.0,0.0,0.0,0.0,0.0,0.0,0.0,0.0,27.7,9.1,27.2,48.5,377.0,165.0,0
1689,107.0,100.0,0.0,95.0,66.0,50.0,22.0,0.0,0.0,0.0,0.0,0.0,0.0,0.0,0.0,0.0,0.0,0.0,0.0,0.0,0.0,0.0,0.0,0.0,0.0,0.0,0.0,0.0,27.7,9.1,0.0,48.5,377.0,0.0,0
1689,112.0,100.0,37.0,102.0,70.0,52.0,23.5,0.0,0.0,0.0,0.5,0.0,0.0,0.0,0.0,0.0,0.0,0.0,0.0,0.0,0.0,0.0,0.0,0.0,0.0,0.0,0.0,0.0,0.0,0.0,0.0,0.0,0.0,0.0,0
1689,108.0,96.0,0.0,113.0,77.0,56.0,23.0,0.0,0.0,0.0,0.5,0.0,0.0,0.0,0.0,0.0,0.0,0.0,0.0,0.0,0.0,0.0,0.0,0.0,0.0,0.0,0.0,0.0,0.0,0.0,0.0,0.0,0.0,0.0,0
1689,111.0,98.0,0.0,138.0,85.0,59.0,22.0,0.0,0.0,0.0,0.03,0.0,0.0,0.0,0.0,0.0,0.0,0.0,0.0,0.0,0.0,0.0,0.0,0.0,0.0,0.0,0.0,0.0,0.0,0.0,0.0,0.0,0.0,0.0,0
1689,117.0,98.0,0.0,129.0,84.0,59.0,22.0,0.0,0.0,22.0,0.0,0.0,0.0,0.0,0.0,29.0,0.0,8.0,104.0,1.2,0.0,115.0,0.0,2.0,4.8,4.6,0.0,0.0,24.4,7.7,0.0,70.6,0.0,148.0,0
1689,113.0,100.0,37.0,141.0,87.0,58.0,20.0,0.0,0.0,22.0,0.0,0.0,0.0,0.0,0.0,29.0,0.0,0.0,104.0,0.0,0.0,0.0,0.0,2.0,0.0,4.6,0.0,0.0,24.4,7.7,0.0,70.6,0.0,0.0,0
1689,110.0,100.0,0.0,151.0,91.0,60.0,23.0,0.0,0.0,0.0,0.0,0.0,0.0,0.0,0.0,0.0,0.0,0.0,0.0,0.0,0.0,0.0,0.0,0.0,0.0,0.0,0.0,0.0,0.0,0.0,0.0,0.0,0.0,0.0,0
1689,121.0,98.0,0.0,115.0,76.0,55.0,15.0,0.0,0.0,0.0,0.0,0.0,0.0,0.0,0.0,0.0,0.0,0.0,0.0,0.0,0.0,0.0,0.0,0.0,0.0,0.0,0.0,0.0,0.0,0.0,0.0,0.0,0.0,0.0,0
1689,118.0,99.0,36.92,108.0,73.0,54.0,20.0,0.0,0.0,0.0,0.0,0.0,0.0,0.0,0.0,0.0,0.0,0.0,0.0,0.0,0.0,0.0,0.0,0.0,0.0,0.0,0.0,0.0,0.0,0.0,0.0,0.0,0.0,0.0,0
1689,119.0,97.0,0.0,132.0,84.0,59.0,18.0,0.0,0.0,0.0,0.0,0.0,0.0,0.0,0.0,0.0,0.0,0.0,0.0,0.0,0.0,0.0,0.0,0.0,0.0,0.0,0.0,0.0,0.0,0.0,0.0,0.0,0.0,0.0,0
