16963,92.0,97.0,37.1,119.0,80.0,61.0,12.0,0.0,-5.0,0.0,1.0,7.29,42.0,0.0,0.0,0.0,0.0,0.0,0.0,0.0,0.0,155.0,3.7,0.0,0.0,3.3,0.0,0.0,26.95,8.9,42.4,17.3,340.0,149.0,0
16963,92.0,97.5,37.1,118.0,84.0,70.0,14.0,0.0,-5.0,20.0,0.8,7.26,48.0,64.0,0.0,46.0,0.0,0.0,108.0,2.2,0.0,111.0,0.0,0.0,0.0,4.0,0.0,0.0,30.5,10.5,44.1,20.6,0.0,194.0,0
16963,93.5,96.5,36.9,117.0,86.0,73.0,16.0,0.0,-6.0,0.0,0.6,7.31,38.0,97.0,0.0,0.0,0.0,0.0,0.0,0.0,0.0,118.0,0.0,0.0,0.0,3.4,0.0,0.0,0.0,0.0,0.0,0.0,0.0,0.0,0
16963,95.0,99.0,36.7,117.0,83.0,68.25,17.0,0.0,0.0,0.0,0.6,0.0,0.0,0.0,0.0,0.0,0.0,0.0,0.0,0.0,0.0,0.0,0.0,0.0,0.0,0.0,0.0,0.0,0.0,0.0,0.0,0.0,0.0,0.0,0
16963,92.5,99.5,36.55,107.0,79.0,66.25,22.0,0.0,-6.0,0.0,0.5,7.33,36.0,97.0,0.0,0.0,0.0,0.0,0.0,0.0,0.0,0.0,0.0,0.0,0.0,3.8,0.0,0.0,0.0,0.0,0.0,0.0,0.0,0.0,0
16963,92.0,99.0,36.75,111.25,82.0,69.25,23.0,0.0,-3.0,0.0,0.5,7.4,31.0,98.0,0.0,0.0,0.0,0.0,0.0,0.0,0.0,123.0,0.0,0.0,0.0,4.3,0.0,0.0,0.0,0.0,0.0,0.0,0.0,0.0,0
16963,92.0,100.0,36.8,107.75,79.0,67.0,22.0,0.0,0.0,0.0,0.5,0.0,0.0,0.0,0.0,0.0,0.0,0.0,0.0,0.0,0.0,0.0,0.0,0.0,0.0,0.0,0.0,0.0,0.0,0.0,0.0,0.0,0.0,0.0,0
16963,92.0,100.0,36.8,119.5,85.0,71.0,30.0,0.0,-3.0,0.0,1.0,7.39,33.0,98.0,0.0,0.0,0.0,0.0,0.0,0.0,0.0,117.0,0.0,0.0,0.0,3.7,0.0,0.0,27.2,0.0,0.0,0.0,0.0,0.0,0
16963,101.0,95.5,37.1,120.75,88.0,72.0,31.0,0.0,0.0,0.0,0.95,0.0,0.0,52.0,0.0,0.0,0.0,0.0,0.0,0.0,0.0,119.0,0.0,0.0,0.0,0.0,0.0,0.0,0.0,0.0,0.0,0.0,0.0,0.0,0
16963,104.0,98.0,37.0,114.0,83.0,68.5,28.0,0.0,-4.0,0.0,0.0,7.36,35.0,95.0,0.0,0.0,0.0,0.0,0.0,0.0,0.0,103.0,1.3,0.0,0.0,3.6,0.0,0.0,0.0,0.0,0.0,0.0,0.0,0.0,0
16963,107.0,96.0,37.0,114.0,82.0,68.0,30.0,0.0,0.0,0.0,0.0,0.0,0.0,56.0,0.0,0.0,0.0,0.0,0.0,0.0,0.0,112.0,0.0,0.0,0.0,0.0,0.0,0.0,0.0,0.0,0.0,0.0,0.0,0.0,0
16963,107.0,96.0,37.0,110.5,80.0,65.5,30.0,0.0,0.0,0.0,0.95,0.0,0.0,0.0,0.0,0.0,0.0,0.0,0.0,0.0,0.0,114.0,0.0,0.0,0.0,0.0,0.0,0.0,25.3,0.0,0.0,0.0,0.0,0.0,0
16963,105.0,98.0,37.2,112.5,81.0,67.5,32.0,0.0,0.0,0.0,0.8,0.0,0.0,0.0,0.0,0.0,0.0,0.0,0.0,0.0,0.0,120.0,0.0,0.0,0.0,0.0,0.0,0.0,0.0,0.0,0.0,0.0,0.0,0.0,0
16963,105.5,98.0,37.2,113.25,82.0,68.5,29.0,0.0,0.0,0.0,0.6,0.0,0.0,0.0,0.0,0.0,0.0,0.0,0.0,0.0,0.0,94.0,0.0,0.0,0.0,0.0,0.0,0.0,0.0,0.0,0.0,0.0,0.0,0.0,0
16963,103.0,97.0,37.3,111.5,81.0,68.0,30.0,0.0,0.0,0.0,0.0,0.0,0.0,0.0,0.0,0.0,0.0,0.0,0.0,0.0,0.0,123.0,0.0,0.0,0.0,0.0,0.0,0.0,0.0,0.0,0.0,0.0,0.0,0.0,0
16963,106.0,97.0,37.5,99.0,77.0,68.5,31.0,0.0,0.0,0.0,0.6,0.0,0.0,0.0,0.0,0.0,0.0,0.0,0.0,0.0,0.0,0.0,0.0,0.0,0.0,0.0,0.0,0.0,0.0,0.0,0.0,0.0,0.0,0.0,0
16963,104.0,97.0,37.4,101.0,78.0,68.5,29.0,0.0,-4.0,19.0,0.0,7.41,29.0,96.0,0.0,33.0,0.0,0.0,111.0,1.6,0.0,98.5,0.0,0.0,0.0,3.7,0.0,0.0,26.6,9.1,0.0,11.8,0.0,146.0,0
16963,108.0,94.0,37.7,96.0,73.0,65.0,27.0,0.0,0.0,0.0,0.0,0.0,0.0,0.0,0.0,0.0,0.0,0.0,0.0,0.0,0.0,126.0,0.0,0.0,0.0,0.0,0.0,0.0,0.0,0.0,0.0,0.0,0.0,0.0,0
16963,108.0,96.0,37.7,94.5,74.0,66.5,28.0,0.0,0.0,0.0,0.0,0.0,0.0,0.0,0.0,0.0,0.0,0.0,0.0,0.0,0.0,0.0,0.0,0.0,0.0,0.0,0.0,0.0,0.0,0.0,0.0,0.0,0.0,0.0,0
16963,105.0,96.0,37.7,99.0,77.0,79.0,25.0,0.0,-3.0,0.0,0.3,7.4,31.0,93.0,0.0,0.0,0.0,0.0,0.0,0.0,0.0,72.0,0.0,0.0,0.0,3.5,0.0,0.0,0.0,0.0,0.0,0.0,0.0,0.0,0
16963,100.0,95.0,37.7,112.0,78.0,68.0,30.0,0.0,0.0,0.0,0.0,0.0,0.0,0.0,0.0,0.0,0.0,0.0,0.0,0.0,0.0,0.0,0.0,0.0,0.0,0.0,0.0,0.0,0.0,0.0,0.0,0.0,0.0,0.0,0
16963,108.0,96.0,37.6,118.0,82.0,68.0,27.0,0.0,-5.0,0.0,0.0,7.4,28.0,95.0,0.0,0.0,0.0,0.0,0.0,0.0,0.0,92.0,0.0,0.0,0.0,0.0,0.0,0.0,0.0,0.0,0.0,0.0,0.0,0.0,0
16963,100.0,95.0,37.8,118.0,83.0,69.0,24.0,0.0,0.0,0.0,0.0,0.0,0.0,0.0,0.0,0.0,0.0,0.0,0.0,0.0,0.0,0.0,0.0,0.0,0.0,0.0,0.0,0.0,0.0,0.0,0.0,0.0,0.0,0.0,0
16963,105.0,95.0,37.0,128.0,87.0,70.0,30.0,0.0,0.0,0.0,0.0,0.0,0.0,0.0,0.0,0.0,0.0,0.0,0.0,0.0,0.0,114.0,0.0,0.0,0.0,0.0,0.0,0.0,0.0,0.0,0.0,0.0,0.0,0.0,0
16963,113.0,95.0,38.0,112.0,83.0,71.0,20.0,0.0,0.0,0.0,0.0,0.0,0.0,0.0,0.0,0.0,0.0,0.0,0.0,0.0,0.0,0.0,0.0,0.0,0.0,0.0,0.0,0.0,0.0,0.0,0.0,0.0,0.0,0.0,0
16963,108.0,96.0,37.8,133.0,83.0,0.0,27.0,0.0,0.0,0.0,0.0,0.0,0.0,0.0,0.0,0.0,0.0,0.0,0.0,0.0,0.0,0.0,0.0,0.0,0.0,0.0,0.0,0.0,0.0,0.0,0.0,0.0,0.0,0.0,0
16963,80.0,95.0,37.8,98.0,76.0,0.0,26.0,0.0,0.0,0.0,0.0,0.0,0.0,0.0,0.0,0.0,0.0,0.0,0.0,0.0,0.0,0.0,0.0,0.0,0.0,0.0,0.0,0.0,0.0,0.0,0.0,0.0,0.0,0.0,0
16963,80.0,95.0,37.8,125.0,81.0,0.0,23.0,0.0,0.0,0.0,0.0,0.0,0.0,0.0,0.0,0.0,0.0,0.0,0.0,0.0,0.0,0.0,0.0,0.0,0.0,0.0,0.0,0.0,0.0,0.0,0.0,0.0,0.0,0.0,0
16963,80.0,95.0,37.7,116.0,71.0,0.0,28.0,0.0,0.0,0.0,0.0,0.0,0.0,0.0,0.0,0.0,0.0,0.0,0.0,0.0,0.0,0.0,0.0,0.0,0.0,0.0,0.0,0.0,0.0,0.0,0.0,0.0,0.0,0.0,0
16963,80.0,96.0,37.9,124.0,73.0,0.0,27.0,0.0,0.0,0.0,0.0,0.0,0.0,0.0,0.0,0.0,0.0,0.0,0.0,0.0,0.0,134.0,0.0,0.0,0.0,0.0,0.0,0.0,0.0,0.0,0.0,0.0,0.0,0.0,0
16963,80.0,96.0,37.8,123.0,80.0,0.0,29.0,0.0,0.0,0.0,0.0,0.0,0.0,0.0,0.0,0.0,0.0,0.0,0.0,0.0,0.0,0.0,0.0,0.0,0.0,0.0,0.0,0.0,0.0,0.0,0.0,0.0,0.0,0.0,0
16963,80.0,96.0,37.9,119.0,77.0,0.0,25.0,0.0,0.0,0.0,0.0,0.0,0.0,0.0,0.0,0.0,0.0,0.0,0.0,0.0,0.0,0.0,0.0,0.0,0.0,0.0,0.0,0.0,0.0,0.0,0.0,0.0,0.0,0.0,0
16963,80.0,97.0,37.7,126.0,76.0,0.0,20.0,0.0,0.0,0.0,0.0,0.0,0.0,0.0,0.0,0.0,0.0,0.0,0.0,0.0,0.0,0.0,0.0,0.0,0.0,0.0,0.0,0.0,0.0,0.0,0.0,0.0,0.0,0.0,0
16963,80.0,96.0,37.7,120.0,81.0,0.0,21.0,0.0,0.0,0.0,0.0,0.0,0.0,0.0,0.0,0.0,0.0,0.0,0.0,0.0,0.0,0.0,0.0,0.0,0.0,0.0,0.0,0.0,0.0,0.0,0.0,0.0,0.0,0.0,0
16963,80.0,95.0,37.6,105.0,77.0,0.0,25.0,0.0,0.0,0.0,0.0,0.0,0.0,0.0,0.0,0.0,0.0,0.0,0.0,0.0,0.0,0.0,0.0,0.0,0.0,0.0,0.0,0.0,0.0,0.0,0.0,0.0,0.0,0.0,0
16963,80.0,95.0,37.6,119.0,83.0,0.0,25.0,0.0,0.0,0.0,0.0,0.0,0.0,0.0,0.0,0.0,0.0,0.0,0.0,0.0,0.0,133.0,0.0,0.0,0.0,0.0,0.0,0.0,0.0,0.0,0.0,0.0,0.0,0.0,0
