16989,90.0,0.0,36.7,136.0,101.0,80.0,17.0,0.0,-1.0,23.0,0.49,7.38,39.5,98.0,855.0,17.0,78.0,7.7,110.0,0.8,1.1,151.5,1.7,1.5,3.3,4.0,1.9,0.0,25.0,8.4,43.2,6.05,115.0,93.5,0
16989,92.0,100.0,36.55,137.5,103.5,83.0,17.0,0.0,0.0,0.0,0.0,0.0,0.0,81.0,0.0,0.0,0.0,0.0,0.0,0.0,0.0,0.0,0.0,0.0,0.0,0.0,0.0,0.0,0.0,0.0,0.0,0.0,0.0,0.0,0
16989,87.5,100.0,0.0,143.0,111.5,89.0,17.5,0.0,0.0,0.0,0.0,0.0,0.0,0.0,0.0,0.0,0.0,0.0,0.0,0.0,0.0,0.0,0.0,0.0,0.0,0.0,0.0,0.0,0.0,0.0,0.0,0.0,0.0,0.0,0
16989,84.0,100.0,36.4,137.0,97.67,98.0,16.5,0.0,0.0,0.0,0.5,0.0,0.0,0.0,0.0,0.0,0.0,0.0,0.0,0.0,0.0,0.0,0.0,0.0,0.0,0.0,0.0,0.0,0.0,0.0,0.0,0.0,0.0,0.0,0
16989,82.0,100.0,36.6,151.0,122.0,102.0,14.5,0.0,0.0,0.0,0.5,0.0,0.0,0.0,0.0,0.0,0.0,0.0,0.0,0.0,0.0,0.0,0.0,0.0,0.0,0.0,0.0,0.0,0.0,0.0,0.0,0.0,0.0,0.0,0
16989,82.0,94.0,36.6,157.0,126.0,101.0,15.0,0.0,0.0,0.0,0.0,0.0,0.0,0.0,0.0,0.0,0.0,0.0,0.0,0.0,0.0,256.0,0.0,0.0,0.0,0.0,0.0,0.0,30.5,10.9,36.0,6.6,193.0,76.0,0
16989,82.0,96.0,36.3,159.0,122.0,98.0,14.0,0.0,0.0,0.0,0.0,0.0,0.0,0.0,0.0,0.0,0.0,0.0,0.0,0.0,0.0,0.0,0.0,0.0,0.0,0.0,0.0,0.0,0.0,0.0,0.0,0.0,0.0,0.0,0
16989,79.0,97.0,36.5,160.0,127.0,103.0,13.0,0.0,-1.0,0.0,0.0,7.39,38.0,0.0,0.0,0.0,0.0,0.0,0.0,0.0,0.0,0.0,0.0,0.0,0.0,0.0,0.0,0.0,0.0,0.0,0.0,0.0,0.0,81.0,0
16989,82.0,94.0,0.0,158.0,121.0,95.0,12.0,0.0,0.0,0.0,0.0,0.0,0.0,0.0,0.0,0.0,0.0,0.0,0.0,0.0,0.0,0.0,0.0,0.0,0.0,0.0,0.0,0.0,0.0,0.0,0.0,0.0,0.0,0.0,0
16989,81.0,98.0,36.4,161.0,124.0,98.0,11.0,0.0,0.0,22.0,0.0,0.0,0.0,0.0,692.0,19.0,71.0,7.1,110.0,0.7,0.0,213.0,0.0,1.6,2.7,3.6,2.2,0.0,27.0,9.9,28.8,7.1,0.0,127.0,0
16989,83.0,99.0,36.5,157.0,123.0,99.0,14.0,0.0,1.0,0.0,0.0,7.42,39.0,98.0,0.0,0.0,0.0,0.0,0.0,0.0,0.0,0.0,0.0,0.0,0.0,0.0,0.0,0.0,0.0,0.0,0.0,0.0,0.0,0.0,0
16989,78.0,97.0,0.0,149.0,117.0,93.0,10.0,0.0,0.0,0.0,0.0,0.0,0.0,0.0,0.0,0.0,0.0,0.0,0.0,0.0,0.0,196.0,0.0,0.0,0.0,0.0,0.0,0.0,0.0,0.0,0.0,0.0,0.0,0.0,0
16989,80.0,97.0,36.6,154.0,121.0,100.0,15.0,0.0,0.0,0.0,0.0,0.0,0.0,0.0,0.0,0.0,0.0,0.0,0.0,0.0,0.0,0.0,0.0,0.0,0.0,0.0,0.0,0.0,0.0,0.0,0.0,0.0,0.0,0.0,0
16989,76.0,96.5,36.4,144.0,111.5,88.5,12.0,0.0,0.0,0.0,0.0,0.0,0.0,0.0,0.0,0.0,0.0,0.0,0.0,0.0,0.0,0.0,0.0,0.0,0.0,0.0,0.0,0.0,0.0,0.0,0.0,0.0,0.0,0.0,0
16989,82.0,97.0,36.3,152.0,117.0,93.0,13.0,0.0,0.0,0.0,0.0,0.0,0.0,0.0,0.0,0.0,0.0,0.0,0.0,0.0,0.0,0.0,0.0,0.0,0.0,0.0,0.0,0.0,0.0,0.0,0.0,0.0,0.0,0.0,0
16989,77.0,97.0,36.4,157.0,123.0,98.0,10.0,0.0,0.0,0.0,0.0,0.0,0.0,0.0,0.0,0.0,0.0,0.0,0.0,0.0,0.0,0.0,0.0,0.0,0.0,0.0,0.0,0.0,0.0,0.0,0.0,0.0,0.0,0.0,0
16989,80.0,95.5,36.5,150.0,119.0,93.0,13.0,0.0,0.0,23.0,0.0,7.41,36.0,0.0,409.0,18.0,71.0,7.3,112.0,0.6,0.0,150.0,0.0,1.7,2.3,4.4,2.3,0.0,30.4,11.0,28.3,8.5,0.0,99.0,0
16989,83.0,96.0,36.3,144.0,113.0,91.0,10.0,0.0,0.0,0.0,0.0,0.0,0.0,0.0,0.0,0.0,0.0,0.0,0.0,0.0,0.0,0.0,0.0,0.0,0.0,0.0,0.0,0.0,0.0,0.0,0.0,0.0,0.0,0.0,0
16989,77.0,95.0,36.4,148.0,115.0,93.0,11.0,0.0,0.0,0.0,0.0,0.0,0.0,0.0,0.0,0.0,0.0,0.0,0.0,0.0,0.0,0.0,0.0,0.0,0.0,0.0,0.0,0.0,0.0,0.0,0.0,0.0,0.0,0.0,0
16989,76.0,95.0,36.3,137.0,107.0,87.0,9.0,0.0,0.0,0.0,0.0,0.0,0.0,0.0,0.0,0.0,0.0,0.0,0.0,0.0,0.0,0.0,0.0,0.0,0.0,0.0,0.0,0.0,0.0,0.0,0.0,0.0,0.0,0.0,0
16989,71.0,95.0,36.4,143.0,114.0,92.0,9.0,0.0,0.0,0.0,0.0,0.0,0.0,0.0,0.0,0.0,0.0,0.0,0.0,0.0,0.0,0.0,0.0,0.0,0.0,0.0,0.0,0.0,29.6,10.7,27.1,9.4,0.0,100.0,0
16989,75.0,94.0,36.3,137.0,109.0,88.0,7.0,0.0,0.0,0.0,0.0,7.4,39.0,0.0,0.0,0.0,0.0,0.0,0.0,0.0,0.0,0.0,0.0,0.0,0.0,0.0,0.0,0.0,0.0,0.0,0.0,0.0,0.0,0.0,0
16989,77.0,94.0,36.3,132.0,103.0,84.0,7.0,0.0,0.0,0.0,0.0,0.0,0.0,0.0,0.0,0.0,0.0,0.0,0.0,0.0,0.0,0.0,0.0,0.0,0.0,0.0,0.0,0.0,0.0,0.0,0.0,0.0,0.0,0.0,0
16989,74.0,95.0,35.7,131.0,105.0,86.0,7.0,0.0,0.0,0.0,0.0,0.0,0.0,0.0,0.0,0.0,0.0,0.0,0.0,0.0,0.0,0.0,0.0,0.0,0.0,0.0,0.0,0.0,0.0,0.0,0.0,0.0,0.0,0.0,0
16989,75.0,94.0,36.3,139.0,109.0,89.0,8.0,0.0,0.0,0.0,0.0,7.38,40.0,0.0,0.0,0.0,0.0,0.0,0.0,0.0,0.0,0.0,0.0,0.0,0.0,0.0,0.0,0.0,0.0,0.0,0.0,0.0,0.0,0.0,0
16989,79.0,95.0,36.4,145.0,113.0,92.0,12.0,0.0,0.0,24.0,0.0,0.0,0.0,0.0,279.0,19.0,68.0,7.6,109.0,0.6,0.0,149.0,0.0,2.0,3.3,4.2,1.5,0.0,31.1,10.4,26.6,8.7,0.0,96.0,0
16989,79.0,95.0,36.5,140.0,109.0,88.0,9.0,0.0,0.0,0.0,0.0,0.0,0.0,0.0,0.0,0.0,0.0,0.0,0.0,0.0,0.0,0.0,0.0,0.0,0.0,0.0,0.0,0.0,0.0,0.0,0.0,0.0,0.0,0.0,0
16989,83.0,95.0,36.1,148.0,114.0,93.0,12.0,0.0,0.0,0.0,0.0,0.0,0.0,0.0,0.0,0.0,0.0,0.0,0.0,0.0,0.0,0.0,0.0,0.0,0.0,0.0,0.0,0.0,0.0,0.0,0.0,0.0,0.0,0.0,0
16989,80.0,94.0,36.2,137.0,105.0,86.0,7.0,0.0,0.0,0.0,0.0,7.4,39.0,95.0,0.0,0.0,0.0,0.0,0.0,0.0,0.0,0.0,0.0,0.0,0.0,0.0,0.0,0.0,29.9,10.7,25.7,9.1,398.0,96.0,0
16989,78.0,95.0,36.2,137.0,105.0,86.0,7.0,0.0,0.0,0.0,0.0,0.0,0.0,0.0,0.0,0.0,0.0,0.0,0.0,0.0,0.0,0.0,0.0,0.0,0.0,0.0,0.0,0.0,0.0,0.0,0.0,0.0,0.0,0.0,0
16989,85.0,94.0,36.2,151.0,118.0,97.0,10.0,0.0,0.0,0.0,0.0,0.0,0.0,0.0,0.0,0.0,0.0,0.0,0.0,0.0,0.0,0.0,0.0,0.0,0.0,0.0,0.0,0.0,0.0,0.0,0.0,0.0,0.0,0.0,0
16989,77.0,94.0,36.0,139.0,108.0,87.0,7.0,0.0,0.0,0.0,0.0,0.0,0.0,0.0,0.0,0.0,0.0,0.0,0.0,0.0,0.0,0.0,0.0,0.0,0.0,0.0,0.0,0.0,0.0,0.0,0.0,0.0,0.0,0.0,0
16989,80.0,95.0,36.1,150.0,117.0,95.0,10.0,0.0,0.0,0.0,0.0,0.0,0.0,0.0,0.0,0.0,0.0,0.0,0.0,0.0,0.0,0.0,0.0,0.0,0.0,0.0,0.0,0.0,0.0,0.0,0.0,0.0,0.0,0.0,0
