1702,88.0,99.0,35.28,121.0,89.0,71.0,12.0,0.0,0.0,0.0,0.6,0.0,0.0,0.0,0.0,0.0,0.0,0.0,0.0,0.0,0.0,0.0,0.0,0.0,0.0,0.0,0.0,0.0,0.0,0.0,0.0,0.0,0.0,0.0,0
1702,94.0,99.0,0.0,128.0,93.5,76.5,12.0,0.0,-1.0,0.0,0.0,7.35,43.0,0.0,0.0,0.0,0.0,0.0,0.0,0.0,0.0,0.0,0.0,2.2,0.0,3.8,0.0,0.0,31.2,0.0,36.1,0.0,280.0,0.0,0
1702,99.5,100.0,36.0,126.5,87.5,68.5,12.0,0.0,0.0,0.0,0.0,0.0,0.0,0.0,0.0,0.0,0.0,0.0,0.0,0.0,0.0,0.0,0.0,0.0,0.0,0.0,0.0,0.0,0.0,0.0,0.0,0.0,0.0,0.0,0
1702,92.0,98.0,0.0,126.5,87.0,70.5,15.0,0.0,0.0,26.0,0.6,0.0,0.0,0.0,0.0,10.0,0.0,0.0,113.0,0.7,0.0,140.0,0.0,1.9,3.4,4.0,0.0,0.0,0.0,0.0,0.0,0.0,0.0,0.0,0
1702,92.5,93.5,37.06,123.0,88.0,71.0,12.0,0.0,0.0,26.0,0.6,7.36,48.0,0.0,0.0,10.0,0.0,0.0,113.0,0.7,0.0,140.0,4.8,1.9,3.4,4.0,0.0,0.0,30.9,0.0,0.0,0.0,0.0,0.0,0
1702,94.5,93.0,37.8,134.5,96.0,76.5,19.0,0.0,0.0,0.0,0.6,7.3,57.0,0.0,0.0,0.0,0.0,0.0,0.0,0.0,0.0,0.0,0.0,0.0,0.0,0.0,0.0,0.0,0.0,0.0,0.0,0.0,0.0,0.0,0
1702,93.0,96.0,37.7,120.0,85.0,68.0,18.0,0.0,0.0,0.0,0.6,0.0,0.0,0.0,0.0,0.0,0.0,0.0,0.0,0.0,0.0,0.0,0.0,0.0,0.0,0.0,0.0,0.0,0.0,0.0,0.0,0.0,0.0,0.0,0
1702,90.0,99.0,37.3,106.0,76.0,61.0,18.0,0.0,0.0,0.0,0.6,0.0,0.0,0.0,0.0,0.0,0.0,0.0,0.0,0.0,0.0,0.0,0.0,0.0,0.0,0.0,0.0,0.0,0.0,0.0,0.0,0.0,0.0,0.0,0
1702,87.0,100.0,37.5,124.0,132.0,72.0,20.0,0.0,3.0,0.0,0.0,7.42,43.0,0.0,0.0,0.0,0.0,0.0,0.0,0.0,0.0,109.0,0.0,0.0,0.0,0.0,0.0,0.0,37.0,12.3,0.0,0.0,0.0,0.0,0
1702,87.0,100.0,37.7,126.0,90.0,73.0,20.0,0.0,0.0,0.0,0.0,0.0,0.0,0.0,0.0,0.0,0.0,0.0,0.0,0.0,0.0,0.0,0.0,0.0,0.0,0.0,0.0,0.0,0.0,0.0,0.0,0.0,0.0,0.0,0
1702,76.0,100.0,37.7,120.0,86.0,69.0,20.0,0.0,3.0,0.0,0.0,7.41,46.0,85.0,0.0,0.0,0.0,0.0,0.0,0.0,0.0,0.0,0.0,0.0,0.0,0.0,0.0,0.0,0.0,0.0,0.0,0.0,0.0,0.0,0
1702,0.0,0.0,0.0,0.0,0.0,0.0,20.0,0.0,0.0,0.0,0.6,0.0,0.0,0.0,0.0,0.0,0.0,0.0,0.0,0.0,0.0,0.0,0.0,0.0,0.0,0.0,0.0,0.0,0.0,0.0,0.0,0.0,0.0,0.0,0
1702,76.0,99.0,37.7,121.0,87.0,70.0,20.0,0.0,0.0,0.0,0.0,0.0,0.0,0.0,0.0,0.0,0.0,0.0,0.0,0.0,0.0,0.0,0.0,0.0,0.0,0.0,0.0,0.0,0.0,0.0,0.0,0.0,0.0,0.0,0
1702,74.0,98.0,37.7,118.0,86.0,69.0,0.0,0.0,4.0,0.0,0.0,7.48,36.0,0.0,0.0,0.0,0.0,0.0,0.0,0.0,0.0,111.0,0.0,0.0,0.0,0.0,0.0,0.0,38.0,12.5,0.0,0.0,0.0,0.0,0
1702,76.0,98.0,37.8,120.0,88.0,70.0,20.0,0.0,0.0,0.0,0.6,0.0,0.0,0.0,0.0,0.0,0.0,0.0,0.0,0.0,0.0,0.0,0.0,0.0,0.0,0.0,0.0,0.0,0.0,0.0,0.0,0.0,0.0,0.0,0
1702,76.0,98.0,37.9,118.0,88.0,70.0,20.0,0.0,0.0,0.0,0.0,0.0,0.0,0.0,0.0,0.0,0.0,0.0,0.0,0.0,0.0,0.0,0.0,0.0,0.0,0.0,0.0,0.0,0.0,0.0,0.0,0.0,0.0,0.0,0
1702,74.0,99.0,38.0,129.0,92.0,74.0,5.0,0.0,0.0,0.0,0.0,0.0,0.0,0.0,0.0,0.0,0.0,0.0,0.0,0.0,0.0,0.0,0.0,1.6,0.0,0.0,0.0,0.0,33.2,0.0,34.8,0.0,0.0,0.0,0
1702,76.0,100.0,38.0,130.0,93.0,74.0,20.0,0.0,3.0,0.0,0.0,7.49,33.0,0.0,0.0,0.0,0.0,0.0,0.0,0.0,0.0,0.0,2.8,0.0,0.0,0.0,0.0,0.0,0.0,0.0,0.0,0.0,0.0,0.0,0
1702,75.0,99.0,38.0,130.0,94.0,75.0,20.0,0.0,1.0,0.0,0.0,7.47,33.0,84.0,0.0,0.0,0.0,0.0,0.0,0.0,0.0,0.0,0.0,0.0,0.0,0.0,0.0,0.0,0.0,0.0,0.0,0.0,0.0,0.0,0
1702,74.0,99.0,37.9,126.0,92.0,74.0,19.0,0.0,0.0,0.0,0.5,0.0,0.0,0.0,0.0,0.0,0.0,0.0,0.0,0.0,0.0,0.0,0.0,0.0,0.0,0.0,0.0,0.0,0.0,0.0,0.0,0.0,0.0,0.0,0
1702,77.0,98.0,37.7,135.0,93.0,74.0,18.0,0.0,0.0,0.0,0.0,0.0,0.0,0.0,0.0,0.0,0.0,0.0,0.0,0.0,0.0,0.0,0.0,0.0,0.0,0.0,0.0,0.0,0.0,0.0,0.0,0.0,0.0,0.0,0
1702,109.0,87.0,38.1,188.0,125.0,97.0,29.0,0.0,-2.0,24.0,1.0,7.26,57.0,0.0,0.0,12.0,0.0,0.0,111.0,0.7,0.0,135.0,0.0,1.9,3.7,4.1,0.0,0.0,33.8,12.1,34.5,8.0,0.0,76.0,0
1702,95.0,97.0,38.1,121.0,87.0,70.0,18.0,0.0,0.0,24.0,1.0,7.41,37.0,0.0,0.0,12.0,0.0,0.0,111.0,0.7,0.0,135.0,0.0,1.9,3.7,4.1,0.0,0.0,33.8,12.1,34.5,8.0,0.0,76.0,0
1702,92.0,96.5,38.0,124.0,89.0,72.0,18.0,0.0,0.0,0.0,0.85,0.0,0.0,0.0,0.0,0.0,0.0,0.0,0.0,0.0,0.0,0.0,0.0,0.0,0.0,0.0,0.0,0.0,0.0,0.0,0.0,0.0,0.0,0.0,0
1702,88.0,97.0,0.0,126.0,92.0,74.0,18.0,0.0,0.0,0.0,0.0,0.0,0.0,0.0,0.0,0.0,0.0,0.0,0.0,0.0,0.0,0.0,0.0,0.0,0.0,0.0,0.0,0.0,0.0,0.0,0.0,0.0,0.0,0.0,0
1702,83.0,97.5,37.2,121.5,97.5,82.5,18.0,0.0,0.0,0.0,0.0,0.0,0.0,0.0,0.0,0.0,0.0,0.0,0.0,0.0,0.0,0.0,0.0,0.0,0.0,0.0,0.0,0.0,0.0,0.0,0.0,0.0,0.0,0.0,0
1702,82.0,100.0,37.2,137.0,99.0,79.0,14.0,0.0,1.0,0.0,0.6,7.48,32.0,0.0,0.0,0.0,0.0,0.0,0.0,0.0,0.0,0.0,0.0,0.0,0.0,0.0,0.0,0.0,0.0,0.0,0.0,0.0,0.0,0.0,0
1702,89.0,99.0,37.2,132.0,97.0,78.0,0.0,0.0,0.0,0.0,1.0,7.4,39.0,0.0,0.0,0.0,0.0,0.0,0.0,0.0,0.0,0.0,0.0,0.0,0.0,0.0,0.0,0.0,0.0,0.0,0.0,0.0,0.0,0.0,0
1702,110.0,99.0,37.6,147.0,101.0,80.0,16.0,0.0,0.0,0.0,0.5,0.0,0.0,0.0,0.0,0.0,0.0,0.0,0.0,0.0,0.0,0.0,0.0,0.0,0.0,0.0,0.0,0.0,0.0,0.0,0.0,0.0,0.0,0.0,0
1702,117.0,97.0,37.7,116.0,80.0,63.0,16.0,0.0,0.0,0.0,0.0,7.35,47.0,0.0,0.0,0.0,0.0,0.0,0.0,0.0,0.0,0.0,0.0,0.0,0.0,0.0,0.0,0.0,0.0,0.0,0.0,0.0,0.0,0.0,0
1702,148.0,93.0,37.6,170.0,117.0,87.0,17.0,0.0,0.0,0.0,0.0,7.4,42.0,0.0,0.0,0.0,0.0,0.0,0.0,0.0,0.0,134.0,0.0,0.0,0.0,0.0,0.0,0.0,0.0,0.0,37.0,0.0,0.0,0.0,0
1702,147.5,89.5,37.75,152.0,105.0,77.0,19.0,0.0,-3.0,0.0,1.0,7.27,51.0,87.0,0.0,0.0,0.0,0.0,0.0,0.0,0.0,127.0,4.7,0.0,0.0,0.0,0.0,0.0,35.0,11.6,0.0,0.0,0.0,0.0,0
1702,107.0,92.0,0.0,88.0,70.0,60.0,14.0,0.0,0.0,0.0,0.0,0.0,0.0,0.0,0.0,0.0,0.0,0.0,0.0,0.0,0.0,0.0,0.0,0.0,0.0,0.0,0.0,0.0,0.0,0.0,0.0,0.0,0.0,0.0,0
1702,101.0,98.0,0.0,96.0,74.0,63.0,14.0,0.0,0.0,0.0,0.0,7.4,41.0,0.0,0.0,0.0,0.0,0.0,0.0,0.0,0.0,110.0,0.0,0.0,0.0,0.0,0.0,0.0,0.0,0.0,0.0,0.0,0.0,0.0,0
1702,104.0,96.0,36.72,90.0,66.0,54.5,14.0,0.0,1.0,0.0,0.5,7.4,44.0,0.0,0.0,0.0,0.0,0.0,0.0,0.0,0.0,0.0,2.0,0.0,0.0,0.0,0.0,0.0,29.1,0.0,33.6,0.0,0.0,0.0,0
1702,103.0,95.5,36.72,94.0,70.5,59.0,14.0,0.0,0.0,0.0,0.0,0.0,0.0,0.0,0.0,0.0,0.0,0.0,0.0,0.0,0.0,0.0,0.0,0.0,0.0,0.0,0.0,0.0,0.0,0.0,0.0,0.0,0.0,0.0,0
1702,110.0,96.0,37.1,139.0,99.0,80.0,0.0,0.0,0.0,0.0,0.0,0.0,0.0,0.0,0.0,0.0,0.0,0.0,0.0,0.0,0.0,0.0,0.0,0.0,0.0,0.0,0.0,0.0,0.0,0.0,0.0,0.0,0.0,0.0,0
1702,0.0,0.0,0.0,0.0,0.0,0.0,0.0,0.0,0.0,0.0,0.0,0.0,0.0,0.0,0.0,0.0,0.0,0.0,0.0,0.0,0.0,0.0,0.0,0.0,0.0,0.0,0.0,0.0,0.0,0.0,0.0,0.0,0.0,0.0,0
1702,106.0,95.5,37.4,147.0,96.0,77.0,14.0,0.0,0.0,0.0,0.5,0.0,0.0,0.0,0.0,0.0,0.0,0.0,0.0,0.0,0.0,0.0,0.0,0.0,0.0,0.0,0.0,0.0,0.0,0.0,0.0,0.0,0.0,0.0,0
1702,110.0,90.0,37.5,143.0,101.0,80.0,0.0,0.0,0.0,0.0,0.0,0.0,0.0,0.0,0.0,0.0,0.0,0.0,0.0,0.0,0.0,0.0,0.0,0.0,0.0,0.0,0.0,0.0,32.5,0.0,0.0,0.0,0.0,0.0,0
1702,110.0,87.5,37.5,152.0,104.5,82.0,7.0,0.0,0.0,0.0,0.5,7.27,61.0,92.0,0.0,0.0,0.0,0.0,0.0,0.0,0.0,0.0,0.0,0.0,0.0,0.0,0.0,0.0,0.0,0.0,0.0,0.0,0.0,0.0,0
1702,104.0,93.0,37.6,135.0,98.0,79.0,18.0,0.0,0.0,0.0,0.6,7.34,50.0,0.0,0.0,0.0,0.0,0.0,0.0,0.0,0.0,152.0,0.0,0.0,0.0,0.0,0.0,0.0,0.0,0.0,0.0,0.0,0.0,0.0,0
1702,97.0,94.0,37.5,137.0,99.0,79.0,18.0,0.0,0.0,0.0,0.0,0.0,0.0,0.0,0.0,0.0,0.0,0.0,0.0,0.0,0.0,0.0,0.0,0.0,0.0,0.0,0.0,0.0,0.0,0.0,0.0,0.0,0.0,0.0,0
1702,99.0,94.0,37.7,137.0,98.0,78.0,18.0,0.0,0.0,0.0,0.0,0.0,0.0,0.0,0.0,0.0,0.0,0.0,0.0,0.0,0.0,0.0,0.0,0.0,0.0,0.0,0.0,0.0,0.0,0.0,0.0,0.0,0.0,0.0,0
1702,99.0,95.0,37.7,136.0,98.0,79.0,18.0,0.0,0.0,0.0,0.6,0.0,0.0,0.0,0.0,0.0,0.0,0.0,0.0,0.0,0.0,0.0,0.0,0.0,0.0,0.0,0.0,0.0,0.0,0.0,0.0,0.0,0.0,0.0,0
1702,100.0,96.0,37.8,128.0,91.0,73.0,18.0,0.0,1.0,26.0,0.6,7.37,49.0,0.0,0.0,13.0,0.0,0.0,109.0,0.6,0.0,157.0,0.0,1.7,2.4,3.9,0.0,0.0,30.7,11.0,31.4,7.5,0.0,45.0,0
1702,100.0,96.0,37.7,131.5,90.0,73.0,18.0,0.0,0.0,0.0,0.0,0.0,0.0,0.0,0.0,0.0,0.0,0.0,0.0,0.0,0.0,0.0,0.0,0.0,0.0,0.0,0.0,0.0,0.0,0.0,0.0,0.0,0.0,0.0,0
1702,96.0,97.0,38.0,138.0,96.0,75.0,18.0,0.0,0.0,0.0,0.0,0.0,0.0,0.0,0.0,0.0,0.0,0.0,0.0,0.0,0.0,0.0,0.0,0.0,0.0,0.0,0.0,0.0,0.0,0.0,0.0,0.0,0.0,0.0,0
1702,94.0,96.0,37.8,133.0,93.0,73.0,18.0,0.0,0.0,0.0,0.6,0.0,0.0,0.0,0.0,0.0,0.0,0.0,0.0,0.0,0.0,0.0,0.0,0.0,0.0,0.0,0.0,0.0,0.0,0.0,0.0,0.0,0.0,0.0,0
