17078,79.0,100.0,0.0,80.5,65.0,53.0,8.5,0.0,-9.0,19.0,1.0,7.14,59.0,76.0,0.0,40.0,0.0,0.0,109.0,1.6,0.0,209.0,0.0,0.0,0.0,3.1,0.0,0.0,32.8,10.5,43.6,25.5,0.0,194.0,0
17078,83.0,100.0,34.3,83.0,66.0,49.0,18.0,0.0,-7.0,0.0,1.0,7.23,47.0,98.0,0.0,0.0,0.0,0.0,0.0,0.0,0.0,215.0,0.0,0.0,0.0,0.0,0.0,0.0,0.0,0.0,0.0,0.0,0.0,0.0,0
17078,83.0,95.5,34.7,82.25,66.0,53.5,23.0,0.0,-4.0,0.0,0.0,7.3,44.0,98.0,0.0,0.0,0.0,0.0,0.0,0.0,0.0,231.0,0.0,0.0,0.0,0.0,0.0,0.0,27.5,0.0,0.0,0.0,0.0,0.0,0
17078,80.0,93.0,35.1,85.5,68.5,55.25,22.0,0.0,-6.0,0.0,0.0,7.28,41.0,98.0,0.0,0.0,0.0,0.0,0.0,0.0,0.0,216.0,8.0,0.0,0.0,2.9,0.0,0.0,0.0,0.0,0.0,0.0,0.0,0.0,0
17078,78.0,97.0,35.5,85.0,65.0,48.0,22.0,0.0,-6.0,0.0,0.8,7.31,38.0,98.0,0.0,0.0,0.0,0.0,0.0,0.0,0.0,223.0,0.0,0.0,0.0,0.0,0.0,0.0,0.0,0.0,0.0,0.0,0.0,0.0,0
17078,80.0,100.0,36.05,84.5,68.0,55.0,23.0,0.0,-6.0,0.0,0.0,7.27,43.0,96.0,0.0,0.0,0.0,0.0,0.0,0.0,0.0,243.0,11.0,0.0,0.0,0.0,0.0,0.0,29.4,9.7,0.0,19.2,0.0,152.0,0
17078,79.0,100.0,36.7,84.0,65.0,52.0,24.0,0.0,-5.0,0.0,0.7,7.32,40.0,97.0,0.0,0.0,0.0,0.0,0.0,0.0,0.0,0.0,0.0,0.0,0.0,0.0,0.0,0.0,0.0,0.0,0.0,0.0,0.0,0.0,0
17078,79.0,100.0,36.8,81.0,61.0,50.0,22.0,0.0,-5.0,0.0,0.6,7.32,39.0,97.0,0.0,0.0,0.0,0.0,0.0,0.0,0.0,223.0,8.9,0.0,0.0,3.0,0.0,0.0,0.0,0.0,0.0,0.0,0.0,0.0,0
17078,79.0,98.0,36.8,88.0,68.0,50.5,22.0,0.0,-3.0,0.0,0.0,7.36,37.0,97.0,0.0,0.0,0.0,0.0,0.0,0.0,0.0,212.0,0.0,0.0,0.0,0.0,0.0,0.0,0.0,0.0,0.0,0.0,0.0,0.0,0
17078,77.0,98.0,37.0,83.5,61.0,46.5,22.0,0.0,0.0,0.0,0.6,7.4,37.0,96.0,0.0,0.0,0.0,0.0,0.0,0.0,0.0,215.0,8.4,0.0,0.0,0.0,0.0,0.0,34.8,0.0,0.0,0.0,0.0,0.0,0
17078,81.0,99.0,37.0,89.0,63.0,45.5,22.0,0.0,-3.0,0.0,0.0,7.43,29.0,96.0,0.0,0.0,0.0,0.0,0.0,0.0,0.0,166.0,0.0,0.0,0.0,3.5,0.0,0.0,0.0,0.0,0.0,0.0,0.0,0.0,0
17078,76.0,99.0,37.0,90.5,66.0,46.0,22.0,0.0,0.0,25.0,0.0,0.0,0.0,0.0,179.0,38.0,52.0,0.0,104.0,1.8,0.0,171.0,0.0,2.9,0.0,4.5,1.7,0.0,34.8,12.0,38.3,15.7,0.0,128.0,0
17078,78.0,100.0,37.1,91.0,66.5,47.25,22.0,0.0,0.0,0.0,0.0,7.46,34.0,96.0,0.0,0.0,0.0,0.0,0.0,0.0,0.0,156.0,4.9,0.0,0.0,0.0,0.0,0.0,0.0,0.0,0.0,0.0,0.0,0.0,0
17078,78.0,100.0,37.1,91.5,67.0,47.75,20.5,0.0,0.0,0.0,0.6,0.0,0.0,0.0,0.0,0.0,0.0,0.0,0.0,0.0,0.0,0.0,0.0,0.0,0.0,0.0,0.0,0.0,0.0,0.0,0.0,0.0,0.0,0.0,0
17078,80.0,100.0,37.2,92.5,68.0,48.5,19.0,0.0,2.0,0.0,0.6,7.48,34.0,97.0,0.0,0.0,0.0,0.0,0.0,0.0,0.0,107.0,0.0,0.0,0.0,0.0,0.0,0.0,0.0,0.0,0.0,0.0,0.0,0.0,0
17078,79.0,100.0,37.1,91.5,67.0,48.5,17.0,0.0,2.0,0.0,0.6,7.46,37.0,97.0,0.0,0.0,0.0,0.0,0.0,0.0,0.0,97.0,2.9,0.0,0.0,0.0,0.0,0.0,0.0,0.0,0.0,0.0,0.0,0.0,0
17078,81.0,100.0,37.1,92.5,68.0,48.5,16.0,0.0,0.0,0.0,0.0,0.0,0.0,0.0,0.0,0.0,0.0,0.0,0.0,0.0,0.0,0.0,0.0,0.0,0.0,0.0,0.0,0.0,0.0,0.0,0.0,0.0,0.0,0.0,0
17078,0.0,0.0,0.0,0.0,0.0,0.0,0.0,0.0,5.0,0.0,0.0,7.44,44.0,76.0,0.0,0.0,0.0,0.0,0.0,0.0,0.0,103.0,0.0,0.0,0.0,4.0,0.0,0.0,35.0,11.75,39.9,17.1,244.0,121.0,0
17078,92.0,94.0,0.0,100.0,74.0,45.0,17.5,0.0,0.0,0.0,0.6,0.0,0.0,0.0,0.0,0.0,0.0,0.0,0.0,0.0,0.0,0.0,0.0,0.0,0.0,0.0,0.0,0.0,0.0,0.0,0.0,0.0,0.0,0.0,0
17078,92.5,94.0,36.2,99.0,77.0,53.5,16.0,0.0,2.0,27.0,0.0,7.4,46.0,63.0,0.0,37.0,0.0,0.0,107.0,1.9,0.0,130.0,0.0,0.0,0.0,4.4,0.0,0.0,31.0,10.9,37.2,15.2,0.0,113.0,0
17078,92.5,96.0,36.1,101.25,76.0,52.5,16.0,0.0,0.0,0.0,0.6,0.0,0.0,0.0,0.0,0.0,0.0,0.0,0.0,0.0,0.0,147.0,0.0,0.0,0.0,0.0,0.0,0.0,0.0,0.0,0.0,0.0,0.0,0.0,0
17078,92.5,99.0,36.15,111.5,78.0,54.75,16.5,0.0,0.0,0.0,0.0,0.0,0.0,0.0,0.0,0.0,0.0,0.0,0.0,0.0,0.0,145.0,0.0,0.0,0.0,0.0,0.0,0.0,0.0,0.0,0.0,0.0,0.0,0.0,0
17078,92.0,96.5,36.4,109.25,72.5,49.25,20.0,0.0,1.0,0.0,0.0,7.44,39.0,96.0,0.0,0.0,0.0,0.0,0.0,0.0,0.0,130.0,0.0,0.0,0.0,5.0,0.0,0.0,0.0,0.0,0.0,0.0,0.0,0.0,0
17078,93.0,97.0,36.5,108.5,73.0,42.5,19.0,0.0,0.0,0.0,0.0,0.0,0.0,0.0,0.0,0.0,0.0,0.0,0.0,0.0,0.0,0.0,0.0,0.0,0.0,0.0,0.0,0.0,0.0,0.0,0.0,0.0,0.0,0.0,0
17078,92.0,98.0,36.8,108.0,74.0,46.0,17.0,0.0,0.0,0.0,0.0,0.0,0.0,0.0,0.0,0.0,0.0,0.0,0.0,0.0,0.0,111.0,0.0,0.0,0.0,0.0,0.0,0.0,0.0,0.0,0.0,0.0,0.0,0.0,0
17078,92.0,98.0,37.1,113.0,76.0,43.5,22.5,0.0,0.0,0.0,0.6,0.0,0.0,0.0,0.0,0.0,0.0,0.0,0.0,0.0,0.0,0.0,0.0,0.0,0.0,6.4,0.0,0.0,34.2,0.0,0.0,0.0,0.0,0.0,0
17078,93.0,97.0,37.2,102.5,69.0,45.5,16.0,0.0,6.0,0.0,0.0,7.46,44.0,94.0,0.0,0.0,0.0,0.0,0.0,0.0,0.0,87.0,0.0,0.0,0.0,4.9,0.0,0.0,0.0,0.0,0.0,0.0,0.0,0.0,0
17078,92.5,97.0,37.4,103.75,70.0,42.75,21.0,0.0,0.0,0.0,0.0,0.0,0.0,0.0,0.0,0.0,0.0,0.0,0.0,0.0,0.0,0.0,0.0,0.0,0.0,0.0,0.0,0.0,0.0,0.0,0.0,0.0,0.0,0.0,0
17078,92.0,96.0,37.75,101.75,70.5,44.25,23.0,0.0,0.0,0.0,0.6,0.0,0.0,0.0,0.0,0.0,0.0,0.0,0.0,0.0,0.0,0.0,0.0,0.0,0.0,0.0,0.0,0.0,0.0,0.0,0.0,0.0,0.0,0.0,0
17078,94.5,96.5,37.9,98.0,66.5,42.75,23.0,0.0,4.0,0.0,0.0,7.47,40.0,95.0,0.0,0.0,0.0,0.0,0.0,0.0,0.0,91.0,0.0,0.0,0.0,6.1,0.0,0.0,33.0,0.0,0.0,0.0,0.0,0.0,0
17078,95.0,96.0,38.1,86.25,61.0,41.75,21.0,0.0,0.0,0.0,0.0,0.0,0.0,0.0,0.0,40.0,0.0,0.0,0.0,2.3,0.0,142.0,0.0,0.0,0.0,7.3,0.0,0.0,0.0,0.0,0.0,0.0,0.0,0.0,0
17078,98.0,95.0,38.3,91.0,63.0,42.0,22.0,0.0,0.0,0.0,0.0,0.0,0.0,0.0,0.0,0.0,0.0,0.0,0.0,0.0,0.0,0.0,0.0,0.0,0.0,0.0,0.0,0.0,0.0,0.0,0.0,0.0,0.0,0.0,0
17078,95.0,94.0,38.4,80.0,53.0,40.0,21.0,0.0,0.0,0.0,0.0,0.0,0.0,0.0,0.0,0.0,0.0,0.0,0.0,0.0,0.0,0.0,0.0,0.0,0.0,0.0,0.0,0.0,0.0,0.0,0.0,0.0,0.0,0.0,0
17078,95.5,95.0,38.5,86.25,60.0,44.0,19.0,0.0,1.0,0.0,0.6,7.41,42.0,94.0,0.0,0.0,0.0,0.0,0.0,0.0,0.0,130.0,0.0,0.0,0.0,6.7,0.0,0.0,0.0,0.0,0.0,0.0,0.0,0.0,0
17078,95.0,96.0,38.4,90.0,63.0,47.0,18.0,0.0,1.0,0.0,0.7,7.38,47.0,96.0,0.0,0.0,0.0,0.0,0.0,0.0,0.0,198.0,0.0,0.0,0.0,6.3,0.0,0.0,0.0,0.0,0.0,0.0,0.0,0.0,0
17078,97.0,94.0,38.3,84.5,57.0,44.0,17.0,0.0,0.0,26.0,0.0,0.0,0.0,0.0,0.0,43.0,0.0,0.0,103.0,2.6,0.0,0.0,0.0,2.7,4.7,0.0,0.0,0.0,32.3,11.1,35.0,14.6,0.0,110.0,0
17078,94.5,96.0,38.0,84.25,63.0,45.5,16.0,0.0,1.0,0.0,0.7,7.38,47.0,98.0,0.0,0.0,0.0,0.0,0.0,0.0,0.0,131.0,0.0,0.0,0.0,6.2,0.0,0.0,0.0,0.0,0.0,0.0,0.0,0.0,0
17078,96.0,99.0,37.8,94.5,63.0,46.0,14.0,0.0,0.0,0.0,0.0,7.38,0.0,0.0,0.0,0.0,0.0,0.0,0.0,0.0,0.0,117.0,0.0,0.0,0.0,5.5,0.0,0.0,0.0,0.0,0.0,0.0,0.0,0.0,0
17078,92.5,99.0,37.7,91.5,63.5,45.75,16.0,0.0,3.0,0.0,0.0,7.42,42.0,98.0,0.0,0.0,0.0,0.0,0.0,0.0,0.0,93.0,0.0,0.0,0.0,5.0,0.0,0.0,0.0,0.0,0.0,0.0,0.0,0.0,0
17078,84.5,99.0,37.7,87.25,59.5,41.0,16.0,0.0,0.0,0.0,0.0,0.0,0.0,0.0,0.0,0.0,0.0,0.0,0.0,0.0,0.0,0.0,0.0,0.0,0.0,0.0,0.0,0.0,0.0,0.0,0.0,0.0,0.0,0.0,0
17078,70.0,99.0,37.6,88.5,59.0,47.5,16.0,0.0,0.0,0.0,0.0,0.0,0.0,0.0,0.0,0.0,0.0,0.0,0.0,0.0,0.0,0.0,0.0,0.0,0.0,0.0,0.0,0.0,0.0,0.0,0.0,0.0,0.0,0.0,0
17078,76.0,99.5,37.55,96.75,66.0,50.5,16.0,0.0,0.0,0.0,0.6,0.0,0.0,0.0,0.0,0.0,0.0,0.0,0.0,0.0,0.0,0.0,0.0,0.0,0.0,0.0,0.0,0.0,0.0,0.0,0.0,0.0,0.0,0.0,0
17078,76.0,98.0,37.5,92.5,66.0,51.5,16.0,0.0,5.0,0.0,0.0,7.49,39.0,97.0,0.0,0.0,0.0,0.0,0.0,0.0,0.0,0.0,0.0,0.0,0.0,4.4,0.0,0.0,0.0,0.0,0.0,0.0,0.0,0.0,0
17078,80.0,98.5,37.25,96.0,67.0,48.75,16.0,0.0,0.0,0.0,0.0,0.0,0.0,0.0,0.0,0.0,0.0,0.0,0.0,0.0,0.0,0.0,0.0,0.0,0.0,0.0,0.0,0.0,0.0,11.1,0.0,0.0,0.0,0.0,0
17078,82.0,96.0,37.3,108.0,73.0,46.0,16.0,0.0,0.0,0.0,0.0,0.0,0.0,0.0,0.0,45.0,0.0,0.0,0.0,2.4,0.0,0.0,0.0,2.5,0.0,0.0,0.0,0.0,27.0,9.4,0.0,10.3,0.0,72.0,0
17078,81.0,97.0,37.3,104.5,71.0,50.0,16.0,0.0,0.0,0.0,0.5,0.0,0.0,0.0,0.0,0.0,0.0,0.0,0.0,0.0,0.0,0.0,2.0,0.0,0.0,0.0,0.0,0.0,0.0,0.0,0.0,0.0,0.0,0.0,0
17078,81.0,86.0,37.3,120.0,74.0,38.0,26.0,0.0,2.0,0.0,0.57,7.48,35.0,94.0,0.0,0.0,0.0,0.0,0.0,0.0,0.0,0.0,0.0,0.0,0.0,3.2,0.0,0.0,0.0,0.0,0.0,0.0,0.0,0.0,0
17078,81.0,98.0,37.1,110.0,74.0,55.0,26.0,0.0,0.0,0.0,0.0,0.0,0.0,0.0,0.0,0.0,0.0,0.0,0.0,0.0,0.0,0.0,0.0,0.0,0.0,0.0,0.0,0.0,0.0,0.0,0.0,0.0,0.0,0.0,0
17078,78.0,98.0,37.0,101.0,67.0,45.0,18.0,0.0,7.0,0.0,0.0,7.51,40.0,96.0,0.0,0.0,0.0,0.0,0.0,0.0,0.0,0.0,0.0,2.3,0.0,4.1,0.0,0.0,0.0,0.0,0.0,0.0,0.0,0.0,0
17078,78.0,96.5,37.1,105.0,68.0,47.0,18.0,0.0,0.0,0.0,0.55,0.0,0.0,0.0,0.0,0.0,0.0,0.0,0.0,0.0,0.0,0.0,0.0,0.0,0.0,0.0,0.0,0.0,0.0,0.0,0.0,0.0,0.0,0.0,0
17078,73.0,96.0,37.1,110.0,72.0,49.0,16.0,0.0,0.0,0.0,0.0,0.0,0.0,0.0,0.0,0.0,0.0,0.0,0.0,0.0,0.0,0.0,0.0,0.0,0.0,0.0,0.0,0.0,0.0,0.0,0.0,0.0,0.0,0.0,0
17078,77.0,95.0,37.2,110.0,73.0,46.0,16.0,0.0,0.0,0.0,0.0,0.0,0.0,0.0,0.0,0.0,0.0,0.0,0.0,0.0,0.0,0.0,0.0,0.0,0.0,0.0,0.0,0.0,0.0,0.0,0.0,0.0,0.0,0.0,0
17078,79.0,95.0,37.2,111.0,75.0,50.0,16.0,0.0,2.0,0.0,0.0,7.49,33.0,96.0,0.0,0.0,0.0,0.0,0.0,0.0,0.0,95.0,0.0,0.0,0.0,3.4,0.0,0.0,29.9,0.0,0.0,0.0,0.0,0.0,0
17078,84.0,98.0,37.3,109.0,74.0,49.0,18.0,0.0,0.0,0.0,0.55,0.0,0.0,0.0,0.0,0.0,0.0,0.0,0.0,0.0,0.0,0.0,0.0,0.0,0.0,0.0,0.0,0.0,0.0,0.0,0.0,0.0,0.0,0.0,0
17078,83.0,97.0,37.3,111.0,71.0,50.5,20.0,0.0,3.0,0.0,0.0,7.49,37.0,96.0,0.0,0.0,0.0,0.0,0.0,0.0,0.0,86.5,0.0,0.0,0.0,3.8,0.0,0.0,0.0,0.0,0.0,0.0,0.0,0.0,0
17078,81.0,97.0,37.3,118.5,80.0,54.5,52.0,0.0,0.0,0.0,0.0,0.0,0.0,0.0,0.0,0.0,0.0,0.0,0.0,0.0,0.0,0.0,0.0,0.0,0.0,0.0,0.0,0.0,0.0,0.0,0.0,0.0,0.0,0.0,0
17078,82.0,96.0,37.2,121.5,84.0,58.5,50.0,0.0,0.0,0.0,0.0,0.0,0.0,0.0,0.0,0.0,0.0,0.0,0.0,0.0,0.0,95.0,0.0,0.0,0.0,0.0,0.0,0.0,0.0,0.0,0.0,0.0,0.0,0.0,0
17078,81.0,95.0,37.2,127.5,88.0,62.0,39.0,0.0,4.0,0.0,0.55,7.48,38.0,96.0,0.0,0.0,0.0,0.0,0.0,0.0,0.0,101.0,0.0,0.0,0.0,3.8,0.0,0.0,0.0,0.0,0.0,0.0,0.0,0.0,0
17078,79.0,97.0,37.2,130.5,89.5,60.25,21.0,0.0,5.0,28.0,0.0,7.46,43.0,97.0,0.0,43.0,0.0,9.3,102.0,2.1,0.0,107.0,0.0,2.6,6.3,4.3,0.0,0.0,32.5,11.3,34.7,11.1,0.0,53.0,0
17078,78.0,97.0,37.2,126.5,89.0,60.0,19.0,0.0,0.0,0.0,0.0,0.0,0.0,0.0,0.0,0.0,0.0,0.0,0.0,0.0,0.0,0.0,0.0,0.0,0.0,0.0,0.0,0.0,0.0,0.0,0.0,0.0,0.0,0.0,0
17078,77.0,97.0,37.3,131.0,88.0,56.0,20.0,0.0,0.0,0.0,0.0,7.46,0.0,0.0,0.0,0.0,0.0,0.0,0.0,0.0,0.0,134.0,0.0,0.0,0.0,4.2,0.0,0.0,0.0,0.0,0.0,0.0,0.0,0.0,0
17078,77.0,97.0,37.1,145.5,98.0,66.5,20.5,0.0,0.0,0.0,0.55,0.0,0.0,0.0,0.0,0.0,0.0,0.0,0.0,0.0,0.0,0.0,0.0,0.0,0.0,0.0,0.0,0.0,0.0,0.0,0.0,0.0,0.0,0.0,0
17078,76.0,98.0,37.1,124.0,80.0,51.0,21.0,0.0,0.0,0.0,0.0,0.0,0.0,0.0,0.0,0.0,0.0,0.0,0.0,0.0,0.0,0.0,0.0,0.0,0.0,0.0,0.0,0.0,0.0,0.0,0.0,0.0,0.0,0.0,0
17078,79.0,99.0,37.05,127.5,84.0,57.5,23.0,0.0,0.0,0.0,0.0,0.0,0.0,0.0,0.0,0.0,0.0,0.0,0.0,0.0,0.0,0.0,0.0,0.0,0.0,0.0,0.0,0.0,0.0,0.0,0.0,0.0,0.0,0.0,0
17078,78.0,100.0,37.1,132.0,82.0,61.0,22.0,0.0,0.0,0.0,0.0,0.0,0.0,63.0,0.0,0.0,0.0,0.0,0.0,0.0,0.0,0.0,0.0,0.0,0.0,0.0,0.0,0.0,0.0,0.0,0.0,0.0,0.0,0.0,0
17078,79.0,99.0,37.1,131.0,83.0,60.0,22.0,0.0,0.0,0.0,0.55,0.0,0.0,0.0,0.0,0.0,0.0,0.0,0.0,0.0,0.0,0.0,0.0,0.0,0.0,0.0,0.0,0.0,0.0,0.0,0.0,0.0,0.0,0.0,0
17078,81.0,99.0,37.0,126.5,83.5,59.5,47.0,0.0,0.0,0.0,0.0,0.0,0.0,0.0,0.0,0.0,0.0,0.0,0.0,0.0,0.0,0.0,0.0,0.0,0.0,0.0,0.0,0.0,0.0,0.0,0.0,0.0,0.0,0.0,0
17078,79.0,99.0,37.0,130.0,84.0,56.0,37.0,0.0,6.0,0.0,0.0,7.49,40.0,97.0,0.0,0.0,0.0,0.0,0.0,0.0,0.0,59.0,0.0,0.0,0.0,3.2,0.0,0.0,0.0,0.0,0.0,0.0,0.0,0.0,0
17078,77.0,99.0,37.0,125.0,82.0,60.5,21.5,0.0,0.0,0.0,0.0,0.0,0.0,0.0,0.0,0.0,0.0,0.0,0.0,0.0,0.0,0.0,0.0,0.0,0.0,0.0,0.0,0.0,0.0,0.0,0.0,0.0,0.0,0.0,0
17078,78.0,98.0,0.0,130.0,79.0,58.0,23.5,0.0,0.0,0.0,0.55,0.0,0.0,57.0,0.0,0.0,0.0,0.0,0.0,0.0,0.0,63.0,0.0,0.0,0.0,0.0,0.0,0.0,0.0,11.3,0.0,0.0,0.0,105.0,0
17078,79.5,96.5,37.3,135.5,77.5,55.0,31.0,0.0,0.0,0.0,0.0,0.0,0.0,0.0,0.0,0.0,0.0,0.0,0.0,0.0,0.0,0.0,0.0,0.0,0.0,0.0,0.0,0.0,0.0,0.0,0.0,0.0,0.0,0.0,0
17078,89.5,94.0,37.3,138.5,78.5,56.0,35.5,0.0,0.0,0.0,0.0,0.0,0.0,0.0,0.0,0.0,0.0,0.0,0.0,0.0,0.0,0.0,0.0,0.0,0.0,0.0,0.0,0.0,0.0,0.0,0.0,0.0,0.0,0.0,0
17078,91.0,96.0,37.7,129.0,72.0,52.0,28.0,0.0,2.0,0.0,0.0,7.46,37.0,95.0,0.0,0.0,0.0,0.0,0.0,0.0,0.0,127.0,0.0,0.0,0.0,3.5,0.0,0.0,31.3,11.1,32.1,10.2,0.0,97.0,0
17078,91.5,94.0,38.0,128.5,72.0,52.5,31.0,0.0,0.0,0.0,0.55,0.0,0.0,61.0,0.0,0.0,0.0,0.0,0.0,0.0,0.0,0.0,0.0,0.0,0.0,0.0,0.0,0.0,0.0,0.0,0.0,0.0,0.0,0.0,0
17078,79.0,90.0,38.2,134.0,68.0,49.0,31.5,0.0,0.0,0.0,0.65,7.44,37.0,44.0,0.0,0.0,0.0,0.0,0.0,0.0,0.0,0.0,0.0,0.0,0.0,0.0,0.0,0.0,0.0,0.0,0.0,0.0,0.0,0.0,0
17078,104.0,96.0,38.4,137.0,81.0,62.0,27.0,0.0,0.0,0.0,0.7,7.44,34.0,97.0,0.0,0.0,0.0,0.0,0.0,0.0,0.0,0.0,0.0,0.0,0.0,3.1,0.0,0.0,0.0,0.0,0.0,0.0,0.0,0.0,0
17078,102.0,98.0,38.4,127.0,76.0,59.0,22.0,0.0,0.0,0.0,0.0,0.0,0.0,0.0,0.0,0.0,0.0,0.0,0.0,0.0,0.0,0.0,0.0,0.0,0.0,0.0,0.0,0.0,0.0,0.0,0.0,0.0,0.0,0.0,0
17078,100.0,98.0,38.6,111.0,69.0,54.0,21.5,0.0,0.0,0.0,0.6,7.45,0.0,98.0,0.0,0.0,0.0,0.0,0.0,0.0,0.0,126.0,0.0,0.0,0.0,0.0,0.0,0.0,0.0,0.0,0.0,0.0,0.0,0.0,0
17078,100.0,98.0,38.4,118.0,72.0,56.0,21.0,0.0,5.0,0.0,0.0,7.47,40.0,98.0,0.0,0.0,0.0,0.0,0.0,0.0,0.0,113.0,0.0,0.0,0.0,3.7,0.0,0.0,0.0,0.0,0.0,0.0,0.0,0.0,0
17078,94.0,98.0,38.3,113.0,71.0,57.0,31.0,0.0,0.0,0.0,0.0,0.0,0.0,0.0,0.0,0.0,0.0,0.0,0.0,0.0,0.0,0.0,0.0,0.0,0.0,0.0,0.0,0.0,0.0,0.0,45.1,0.0,0.0,0.0,0
17078,96.0,99.0,38.3,120.0,73.0,58.0,24.0,0.0,0.0,0.0,0.0,0.0,0.0,0.0,0.0,0.0,0.0,0.0,0.0,0.0,0.0,0.0,0.0,0.0,0.0,0.0,0.0,0.0,0.0,0.0,0.0,0.0,0.0,0.0,0
17078,95.0,99.0,38.3,120.0,73.0,58.0,22.5,0.0,6.0,0.0,0.5,7.5,38.0,98.0,0.0,0.0,0.0,0.0,0.0,0.0,0.0,101.0,0.0,0.0,0.0,3.5,0.0,0.0,0.0,0.0,0.0,0.0,0.0,0.0,0
17078,96.0,97.0,38.4,119.0,72.0,57.0,24.0,0.0,0.0,0.0,0.0,0.0,0.0,0.0,0.0,0.0,0.0,0.0,0.0,0.0,0.0,0.0,0.0,0.0,0.0,0.0,0.0,0.0,0.0,0.0,0.0,0.0,0.0,0.0,0
17078,96.0,98.0,38.4,125.0,73.0,56.0,20.0,0.0,0.0,0.0,0.0,0.0,0.0,0.0,0.0,0.0,0.0,0.0,0.0,0.0,0.0,0.0,0.0,0.0,0.0,0.0,0.0,0.0,0.0,0.0,0.0,0.0,0.0,0.0,0
17078,90.0,98.0,38.4,125.0,73.0,55.0,20.0,0.0,10.0,30.0,0.0,7.5,44.0,97.0,0.0,42.0,0.0,8.5,101.0,2.1,0.0,95.0,0.0,2.1,5.6,3.6,0.0,0.0,29.5,10.7,0.0,10.4,0.0,89.0,0
17078,96.0,98.0,38.4,129.0,76.0,57.0,21.5,0.0,0.0,0.0,0.5,0.0,0.0,65.0,0.0,0.0,0.0,0.0,0.0,0.0,0.0,95.0,0.0,0.0,0.0,0.0,0.0,0.0,0.0,0.0,0.0,0.0,0.0,0.0,0
17078,88.0,98.0,38.4,121.0,70.0,53.0,24.0,0.0,7.0,0.0,0.0,7.49,41.0,98.0,0.0,0.0,0.0,0.0,0.0,0.0,0.0,112.0,0.0,0.0,0.0,3.7,0.0,0.0,0.0,0.0,45.8,0.0,0.0,0.0,0
17078,87.0,100.0,38.3,123.0,70.0,51.0,22.0,0.0,0.0,0.0,0.0,0.0,0.0,0.0,0.0,0.0,0.0,0.0,0.0,0.0,0.0,0.0,0.0,0.0,0.0,0.0,0.0,0.0,0.0,0.0,0.0,0.0,0.0,0.0,0
17078,87.0,99.0,38.3,123.0,71.0,52.0,25.0,0.0,0.0,0.0,0.0,0.0,0.0,0.0,0.0,0.0,0.0,0.0,0.0,0.0,0.0,0.0,0.0,0.0,0.0,0.0,0.0,0.0,0.0,0.0,0.0,0.0,0.0,0.0,0
17078,89.0,98.5,38.3,126.0,72.0,53.0,28.0,0.0,0.0,0.0,0.5,7.5,26.0,97.0,0.0,0.0,0.0,0.0,0.0,0.0,0.0,108.0,0.0,0.0,0.0,2.5,0.0,0.0,0.0,0.0,0.0,0.0,0.0,0.0,0
17078,94.0,98.0,38.0,127.0,79.0,61.0,30.0,0.0,0.0,0.0,0.0,0.0,0.0,0.0,0.0,0.0,0.0,0.0,0.0,0.0,0.0,0.0,0.0,0.0,0.0,0.0,0.0,0.0,0.0,0.0,0.0,0.0,0.0,0.0,0
17078,93.0,98.0,38.0,124.0,77.0,59.0,32.0,0.0,3.0,0.0,0.0,7.48,36.0,97.0,0.0,0.0,0.0,0.0,0.0,0.0,0.0,168.0,2.6,0.0,0.0,4.4,0.0,0.0,0.0,0.0,0.0,0.0,0.0,0.0,0
17078,93.0,97.0,38.0,134.0,82.0,63.0,33.0,0.0,0.0,0.0,0.0,0.0,0.0,0.0,0.0,0.0,0.0,0.0,0.0,0.0,0.0,0.0,0.0,0.0,0.0,0.0,0.0,0.0,0.0,0.0,49.1,0.0,0.0,0.0,0
17078,98.5,97.5,37.9,125.5,78.5,60.0,31.25,0.0,0.0,0.0,0.5,0.0,0.0,0.0,0.0,0.0,0.0,0.0,0.0,0.0,0.0,0.0,0.0,0.0,0.0,0.0,0.0,0.0,0.0,0.0,0.0,0.0,0.0,0.0,0
17078,97.0,96.0,38.0,122.0,75.0,58.0,31.0,0.0,0.0,0.0,0.0,0.0,0.0,0.0,0.0,0.0,0.0,0.0,0.0,0.0,0.0,0.0,0.0,0.0,0.0,0.0,0.0,0.0,0.0,0.0,0.0,0.0,0.0,0.0,0
17078,0.0,0.0,0.0,0.0,0.0,0.0,0.0,0.0,0.0,0.0,0.0,0.0,0.0,0.0,0.0,0.0,0.0,0.0,0.0,0.0,0.0,0.0,0.0,0.0,0.0,0.0,0.0,0.0,0.0,0.0,0.0,0.0,0.0,0.0,0
17078,0.0,0.0,0.0,0.0,0.0,0.0,0.0,0.0,0.0,0.0,0.0,0.0,0.0,0.0,0.0,0.0,0.0,0.0,0.0,0.0,0.0,0.0,0.0,0.0,0.0,0.0,0.0,0.0,0.0,0.0,0.0,0.0,0.0,0.0,0
17078,93.0,95.0,37.7,143.0,84.0,65.0,23.5,0.0,5.0,30.0,0.5,7.47,41.0,93.0,0.0,46.0,0.0,0.0,99.0,2.2,0.0,158.5,0.0,0.0,0.0,3.7,0.0,0.0,30.9,10.4,50.9,10.5,0.0,112.0,0
17078,90.5,97.0,37.5,120.0,69.5,54.5,24.5,0.0,0.0,0.0,0.0,0.0,0.0,55.0,0.0,0.0,0.0,0.0,0.0,0.0,0.0,135.0,0.0,0.0,0.0,0.0,0.0,0.0,0.0,0.0,0.0,0.0,0.0,0.0,0
17078,87.0,98.0,37.5,121.0,70.0,54.0,25.0,0.0,0.0,0.0,0.0,0.0,0.0,0.0,0.0,0.0,0.0,0.0,0.0,0.0,0.0,134.0,0.0,0.0,0.0,0.0,0.0,0.0,0.0,0.0,0.0,0.0,0.0,0.0,0
17078,88.0,97.0,37.4,116.0,73.0,60.0,21.0,0.0,0.0,0.0,0.5,0.0,0.0,0.0,0.0,0.0,0.0,0.0,0.0,0.0,0.0,177.0,0.0,0.0,0.0,0.0,0.0,0.0,0.0,0.0,0.0,0.0,0.0,0.0,0
17078,90.0,97.0,37.8,129.0,79.0,59.0,20.0,0.0,0.0,0.0,0.0,0.0,0.0,0.0,0.0,0.0,0.0,0.0,0.0,0.0,0.0,0.0,0.0,0.0,0.0,0.0,0.0,0.0,0.0,0.0,0.0,0.0,0.0,0.0,0
17078,88.0,98.0,37.8,116.0,72.0,56.0,19.0,0.0,4.0,0.0,0.0,7.48,36.0,0.0,0.0,0.0,0.0,0.0,0.0,0.0,0.0,110.0,0.0,0.0,0.0,3.2,0.0,0.0,32.7,0.0,0.0,0.0,0.0,0.0,0
17078,89.0,98.0,37.8,126.0,76.0,58.0,19.0,0.0,0.0,0.0,0.0,0.0,0.0,0.0,0.0,0.0,0.0,0.0,0.0,0.0,0.0,0.0,0.0,0.0,0.0,0.0,0.0,0.0,0.0,0.0,0.0,0.0,0.0,0.0,0
17078,87.0,98.0,37.8,119.0,73.0,55.0,21.0,0.0,0.0,0.0,0.0,0.0,0.0,0.0,0.0,0.0,0.0,0.0,0.0,0.0,0.0,0.0,0.0,0.0,0.0,0.0,0.0,0.0,0.0,0.0,58.7,0.0,0.0,0.0,0
17078,87.0,99.0,37.8,123.0,74.0,57.0,35.5,0.0,0.0,0.0,0.5,0.0,0.0,0.0,0.0,0.0,0.0,0.0,0.0,0.0,0.0,0.0,0.0,0.0,0.0,0.0,0.0,0.0,0.0,0.0,0.0,0.0,0.0,0.0,0
17078,88.0,98.0,37.8,112.0,70.0,55.0,31.0,0.0,0.0,0.0,0.0,7.51,0.0,0.0,0.0,0.0,0.0,0.0,0.0,0.0,0.0,72.0,0.0,0.0,0.0,3.5,0.0,0.0,0.0,0.0,0.0,0.0,0.0,0.0,0
17078,90.0,99.0,37.9,109.0,68.0,55.0,22.0,0.0,0.0,0.0,0.0,0.0,0.0,0.0,0.0,0.0,0.0,0.0,0.0,0.0,0.0,0.0,0.0,0.0,0.0,0.0,0.0,0.0,0.0,0.0,0.0,0.0,0.0,0.0,0
17078,94.0,98.0,38.0,114.0,72.0,56.0,26.0,0.0,0.0,32.0,0.0,0.0,0.0,0.0,0.0,45.0,0.0,8.9,100.0,2.2,0.0,113.0,0.0,2.6,5.4,3.7,0.0,0.0,32.4,10.9,70.4,11.6,0.0,126.0,0
17078,82.0,98.0,37.9,111.0,69.0,54.0,22.5,0.0,9.0,0.0,0.5,7.47,47.0,97.0,0.0,0.0,0.0,0.0,0.0,0.0,0.0,105.0,0.0,0.0,0.0,0.0,0.0,0.0,0.0,0.0,0.0,0.0,0.0,0.0,0
17078,81.5,98.0,37.9,115.0,72.0,56.0,24.0,0.0,0.0,0.0,0.0,0.0,0.0,0.0,0.0,0.0,0.0,0.0,0.0,0.0,0.0,0.0,0.0,0.0,0.0,0.0,0.0,0.0,0.0,0.0,0.0,0.0,0.0,0.0,0
17078,80.0,99.0,37.6,117.0,74.0,58.0,22.0,0.0,0.0,0.0,0.0,0.0,0.0,0.0,0.0,0.0,0.0,0.0,0.0,0.0,0.0,0.0,0.0,0.0,0.0,0.0,0.0,0.0,0.0,0.0,0.0,0.0,0.0,0.0,0
17078,78.0,99.0,37.7,118.0,75.0,57.0,20.5,0.0,0.0,0.0,0.5,0.0,0.0,0.0,0.0,0.0,0.0,0.0,0.0,0.0,0.0,0.0,0.0,0.0,0.0,0.0,0.0,0.0,0.0,0.0,0.0,0.0,0.0,0.0,0
17078,82.0,99.0,37.8,139.0,87.0,65.0,24.0,0.0,8.0,0.0,0.5,7.47,46.0,51.5,0.0,0.0,0.0,0.0,0.0,0.0,0.0,0.0,0.0,2.4,0.0,3.8,0.0,0.0,0.0,0.0,65.6,0.0,0.0,0.0,0
17078,89.5,98.0,37.9,139.5,88.0,64.5,32.5,0.0,7.0,0.0,0.0,7.45,47.0,53.0,0.0,0.0,0.0,0.0,0.0,0.0,0.0,0.0,0.0,0.0,0.0,0.0,0.0,0.0,0.0,0.0,0.0,0.0,0.0,0.0,0
17078,85.0,98.0,38.1,134.0,82.0,59.0,30.0,0.0,0.0,0.0,0.0,0.0,0.0,0.0,0.0,0.0,0.0,0.0,0.0,0.0,0.0,0.0,0.0,0.0,0.0,0.0,0.0,0.0,0.0,0.0,0.0,0.0,0.0,0.0,0
17078,92.0,98.5,38.2,139.0,88.0,64.0,29.5,0.0,5.0,0.0,0.5,7.46,43.0,56.0,0.0,0.0,0.0,0.0,0.0,0.0,0.0,0.0,0.0,0.0,0.0,0.0,0.0,0.0,0.0,0.0,0.0,0.0,0.0,0.0,0
17078,91.0,99.0,38.2,132.0,85.0,62.0,29.0,0.0,0.0,0.0,0.0,0.0,0.0,0.0,0.0,0.0,0.0,0.0,0.0,0.0,0.0,0.0,0.0,0.0,0.0,0.0,0.0,0.0,0.0,0.0,0.0,0.0,0.0,0.0,0
17078,93.0,97.0,38.1,135.0,86.0,62.0,25.0,0.0,0.0,0.0,0.0,0.0,0.0,0.0,0.0,0.0,0.0,0.0,0.0,0.0,0.0,0.0,0.0,0.0,0.0,0.0,0.0,0.0,0.0,0.0,0.0,0.0,0.0,0.0,0
17078,93.0,97.0,38.1,135.0,86.0,62.0,40.0,0.0,3.0,0.0,0.0,7.48,37.0,96.0,0.0,0.0,0.0,0.0,0.0,0.0,0.0,0.0,0.0,0.0,0.0,3.8,0.0,0.0,0.0,0.0,0.0,0.0,0.0,0.0,0
17078,85.0,98.0,37.8,126.0,76.0,57.0,16.0,0.0,0.0,0.0,0.0,0.0,0.0,0.0,0.0,0.0,0.0,0.0,0.0,0.0,0.0,0.0,0.0,0.0,0.0,0.0,0.0,0.0,0.0,0.0,0.0,0.0,0.0,0.0,0
17078,83.0,98.0,37.7,121.0,73.0,54.0,36.5,0.0,0.0,0.0,0.5,0.0,0.0,0.0,0.0,0.0,0.0,0.0,0.0,0.0,0.0,0.0,0.0,0.0,0.0,0.0,0.0,0.0,0.0,0.0,0.0,0.0,0.0,0.0,0
17078,83.0,99.0,37.7,121.0,72.0,53.0,30.0,0.0,0.0,0.0,0.0,0.0,0.0,0.0,0.0,0.0,0.0,0.0,0.0,0.0,0.0,0.0,0.0,0.0,0.0,0.0,0.0,0.0,0.0,0.0,0.0,0.0,0.0,0.0,0
17078,79.0,98.0,37.6,114.0,68.0,49.5,40.5,0.0,7.0,0.0,0.0,7.5,44.5,98.0,0.0,0.0,0.0,0.0,0.0,0.0,0.0,0.0,0.0,0.0,0.0,3.6,0.0,0.0,0.0,10.9,0.0,0.0,0.0,0.0,0
17078,78.5,98.5,37.6,118.5,70.5,50.5,46.0,0.0,0.0,0.0,0.0,0.0,0.0,0.0,0.0,0.0,0.0,0.0,0.0,0.0,0.0,0.0,0.0,0.0,0.0,0.0,0.0,0.0,0.0,0.0,0.0,0.0,0.0,0.0,0
17078,76.0,99.0,37.6,108.0,69.0,52.0,18.0,0.0,6.0,0.0,0.5,7.48,39.0,98.0,0.0,0.0,0.0,0.0,0.0,0.0,0.0,57.0,0.0,0.0,0.0,3.6,0.0,0.0,33.1,0.0,0.0,0.0,0.0,0.0,0
17078,71.0,98.0,37.7,97.5,63.0,48.5,22.0,0.0,0.0,0.0,0.0,0.0,0.0,58.0,0.0,0.0,0.0,0.0,0.0,0.0,0.0,64.0,0.0,0.0,0.0,0.0,0.0,0.0,0.0,0.0,0.0,0.0,0.0,0.0,0
17078,72.0,98.0,37.7,111.0,70.0,53.0,13.0,0.0,0.0,0.0,0.0,0.0,0.0,0.0,0.0,0.0,0.0,0.0,0.0,0.0,0.0,0.0,0.0,0.0,0.0,0.0,0.0,0.0,0.0,0.0,0.0,0.0,0.0,0.0,0
17078,73.0,98.0,37.8,108.0,70.0,53.0,20.0,0.0,0.0,0.0,0.0,7.46,0.0,97.0,0.0,0.0,0.0,0.0,0.0,0.0,0.0,101.0,0.0,0.0,0.0,4.3,0.0,0.0,0.0,0.0,0.0,0.0,0.0,0.0,0
17078,73.0,99.5,37.7,114.0,72.0,53.0,22.0,0.0,0.0,0.0,0.5,0.0,0.0,0.0,0.0,0.0,0.0,0.0,0.0,0.0,0.0,0.0,0.0,0.0,0.0,0.0,0.0,0.0,0.0,0.0,0.0,0.0,0.0,0.0,0
17078,72.0,99.0,37.6,109.0,70.0,53.0,19.0,0.0,0.0,0.0,0.0,0.0,0.0,0.0,0.0,0.0,0.0,0.0,0.0,0.0,0.0,0.0,0.0,0.0,0.0,0.0,0.0,0.0,0.0,0.0,0.0,0.0,0.0,0.0,0
17078,70.0,99.0,37.6,112.0,69.0,51.0,16.0,0.0,0.0,0.0,0.0,0.0,0.0,0.0,0.0,0.0,0.0,0.0,0.0,0.0,0.0,0.0,0.0,0.0,0.0,0.0,0.0,0.0,0.0,0.0,0.0,0.0,0.0,0.0,0
17078,70.0,99.0,37.6,108.0,70.0,53.0,19.0,0.0,6.0,29.0,0.0,7.44,45.0,97.0,0.0,60.0,0.0,9.0,99.0,3.0,0.0,108.0,0.0,2.7,6.2,3.9,0.0,0.0,34.7,11.2,64.6,13.8,0.0,174.0,0
17078,68.0,99.5,37.5,108.5,67.5,50.5,15.75,0.0,0.0,0.0,0.5,0.0,0.0,0.0,0.0,0.0,0.0,0.0,0.0,0.0,0.0,0.0,0.0,0.0,0.0,0.0,0.0,0.0,0.0,0.0,0.0,0.0,0.0,0.0,1
17078,70.0,99.0,37.5,112.0,69.0,52.0,16.0,0.0,0.0,0.0,0.0,0.0,0.0,0.0,0.0,0.0,0.0,0.0,0.0,0.0,0.0,0.0,0.0,0.0,0.0,0.0,0.0,0.0,0.0,0.0,0.0,0.0,0.0,0.0,1
17078,71.0,99.5,37.65,108.5,67.5,50.5,31.5,0.0,0.0,0.0,0.0,0.0,0.0,0.0,0.0,0.0,0.0,0.0,0.0,0.0,0.0,0.0,0.0,0.0,0.0,0.0,0.0,0.0,0.0,0.0,0.0,0.0,0.0,0.0,1
17078,69.0,99.0,37.6,99.0,65.0,50.0,18.0,0.0,0.0,0.0,0.0,0.0,0.0,0.0,0.0,0.0,0.0,0.0,0.0,0.0,0.0,0.0,0.0,0.0,0.0,0.0,0.0,0.0,0.0,0.0,0.0,0.0,0.0,0.0,1
17078,67.0,99.0,37.7,96.0,60.0,45.0,17.5,0.0,4.0,0.0,0.5,7.47,38.0,98.0,0.0,0.0,0.0,0.0,0.0,0.0,0.0,116.0,0.0,0.0,0.0,4.2,0.0,0.0,0.0,0.0,0.0,0.0,0.0,0.0,1
17078,71.0,99.0,37.9,103.0,64.0,47.0,18.0,0.0,0.0,0.0,0.0,0.0,0.0,0.0,0.0,0.0,0.0,0.0,0.0,0.0,0.0,0.0,0.0,0.0,0.0,0.0,0.0,0.0,0.0,0.0,0.0,0.0,0.0,0.0,1
17078,77.0,96.0,38.1,108.0,74.0,58.0,21.0,0.0,0.0,0.0,0.0,7.43,35.0,96.0,0.0,0.0,0.0,0.0,0.0,0.0,0.0,0.0,0.0,0.0,0.0,0.0,0.0,0.0,0.0,0.0,0.0,0.0,0.0,0.0,1
17078,80.0,97.0,38.1,110.0,71.0,52.0,24.0,0.0,0.0,0.0,0.0,0.0,0.0,0.0,0.0,0.0,0.0,0.0,0.0,0.0,0.0,0.0,0.0,0.0,0.0,0.0,0.0,0.0,0.0,0.0,0.0,0.0,0.0,0.0,1
17078,78.0,98.0,38.0,101.0,69.0,54.0,34.5,0.0,0.0,0.0,0.5,0.0,0.0,0.0,0.0,0.0,0.0,0.0,0.0,0.0,0.0,0.0,0.0,0.0,0.0,0.0,0.0,0.0,0.0,0.0,0.0,0.0,0.0,0.0,1
17078,78.0,97.0,37.9,97.0,84.0,76.0,23.0,0.0,0.0,0.0,0.0,0.0,0.0,56.0,0.0,0.0,0.0,0.0,0.0,0.0,0.0,0.0,0.0,0.0,0.0,0.0,0.0,0.0,0.0,0.0,0.0,0.0,0.0,0.0,1
