17928,0.0,0.0,0.0,0.0,0.0,0.0,0.0,0.0,0.0,0.0,0.0,0.0,0.0,0.0,0.0,0.0,0.0,0.0,0.0,0.0,0.0,0.0,0.0,0.0,0.0,0.0,0.0,0.0,0.0,0.0,0.0,0.0,0.0,0.0,0
17928,108.0,100.0,0.0,131.0,100.0,79.0,17.0,0.0,4.0,0.0,0.0,7.35,58.0,0.0,0.0,0.0,0.0,0.0,0.0,0.0,0.0,0.0,0.0,0.0,0.0,0.0,0.0,0.0,29.7,0.0,0.0,0.0,0.0,0.0,0
17928,101.0,100.0,0.0,126.0,97.0,79.0,18.5,0.0,4.0,0.0,0.5,7.35,0.0,0.0,0.0,0.0,0.0,0.0,0.0,0.0,0.0,0.0,0.0,0.0,0.0,0.0,0.0,0.0,29.7,0.0,0.0,0.0,0.0,0.0,0
17928,107.0,100.0,37.44,102.0,78.0,63.0,16.0,0.0,9.0,0.0,0.4,7.61,31.0,0.0,0.0,0.0,0.0,0.0,0.0,0.0,0.0,107.0,2.2,0.0,0.0,2.9,0.0,0.0,30.6,0.0,0.0,0.0,0.0,0.0,0
17928,106.0,100.0,0.0,108.0,82.0,66.0,14.0,0.0,9.0,0.0,0.0,7.61,0.0,0.0,0.0,0.0,0.0,0.0,0.0,0.0,0.0,0.0,2.2,0.0,0.0,0.0,0.0,0.0,30.6,0.0,0.0,0.0,0.0,0.0,0
17928,108.0,100.0,0.0,123.0,92.0,73.0,14.5,0.0,8.0,0.0,0.4,7.57,33.0,0.0,0.0,0.0,0.0,0.0,0.0,0.0,0.0,0.0,0.0,0.0,0.0,3.0,0.0,0.0,0.0,0.0,0.0,0.0,0.0,0.0,0
17928,106.0,0.0,37.5,113.0,85.0,68.0,12.0,0.0,8.0,0.0,0.0,7.57,0.0,0.0,0.0,0.0,0.0,0.0,0.0,0.0,0.0,0.0,0.0,0.0,0.0,0.0,0.0,0.0,0.0,0.0,0.0,0.0,0.0,0.0,0
17928,109.0,100.0,0.0,108.0,84.0,69.0,12.0,0.0,0.0,0.0,0.4,0.0,0.0,0.0,0.0,0.0,0.0,0.0,0.0,0.0,0.0,0.0,0.0,0.0,0.0,0.0,0.0,0.0,0.0,0.0,0.0,0.0,0.0,0.0,0
17928,104.0,0.0,0.0,107.0,80.0,65.0,12.0,0.0,0.0,31.0,0.0,0.0,0.0,0.0,0.0,10.0,0.0,8.5,105.0,0.5,0.0,98.0,0.0,2.0,2.1,3.3,0.0,0.0,29.1,10.4,31.2,8.7,0.0,205.0,0
17928,112.0,100.0,0.0,94.0,71.0,58.0,8.0,0.0,9.0,31.0,0.0,7.53,39.0,0.0,0.0,10.0,0.0,0.0,105.0,0.0,0.0,91.0,1.4,2.0,0.0,3.2,0.0,0.0,29.1,10.4,0.0,8.7,0.0,0.0,0
17928,105.0,100.0,37.56,116.0,88.0,71.0,12.0,0.0,9.0,0.0,0.4,7.53,0.0,0.0,0.0,0.0,0.0,0.0,0.0,0.0,0.0,0.0,1.4,0.0,0.0,0.0,0.0,0.0,0.0,0.0,0.0,0.0,0.0,0.0,0
17928,108.0,100.0,0.0,116.0,88.0,70.0,12.0,0.0,0.0,0.0,0.4,0.0,0.0,0.0,0.0,0.0,0.0,0.0,0.0,0.0,0.0,0.0,0.0,0.0,0.0,0.0,0.0,0.0,0.0,0.0,0.0,0.0,0.0,0.0,0
17928,111.0,100.0,38.11,116.0,87.0,69.0,13.0,0.0,0.0,0.0,0.0,0.0,0.0,0.0,0.0,0.0,0.0,0.0,0.0,0.0,0.0,0.0,0.0,0.0,0.0,0.0,0.0,0.0,0.0,0.0,0.0,0.0,0.0,0.0,0
17928,0.0,0.0,0.0,0.0,0.0,0.0,0.0,0.0,0.0,0.0,0.0,0.0,0.0,0.0,0.0,0.0,0.0,0.0,0.0,0.0,0.0,0.0,0.0,0.0,0.0,0.0,0.0,0.0,0.0,0.0,0.0,0.0,0.0,0.0,0
17928,115.0,100.0,0.0,94.0,67.0,52.0,12.0,0.0,0.0,0.0,0.4,0.0,0.0,0.0,0.0,0.0,0.0,0.0,0.0,0.0,0.0,0.0,0.0,0.0,0.0,0.0,0.0,0.0,0.0,0.0,0.0,0.0,0.0,0.0,0
17928,108.0,100.0,37.17,110.0,81.0,63.0,12.0,0.0,0.0,0.0,0.0,0.0,0.0,0.0,0.0,0.0,0.0,0.0,0.0,0.0,0.0,82.0,0.0,0.0,0.0,0.0,0.0,0.0,0.0,0.0,0.0,0.0,0.0,0.0,0
17928,133.0,100.0,0.0,113.0,64.0,0.0,15.0,0.0,6.0,32.0,0.0,7.42,49.0,0.0,0.0,0.0,0.0,7.8,107.0,0.4,0.0,82.0,0.0,1.8,2.5,3.3,0.0,0.0,27.0,0.0,0.0,0.0,0.0,0.0,0
17928,136.0,100.0,0.0,108.0,69.5,0.0,14.0,0.0,6.0,32.0,0.0,7.42,0.0,0.0,0.0,0.0,0.0,0.0,107.0,0.0,0.0,0.0,0.0,1.8,0.0,3.3,0.0,0.0,27.0,0.0,0.0,0.0,0.0,0.0,0
17928,146.5,100.0,38.11,144.0,105.0,78.0,11.75,0.0,0.0,0.0,0.4,0.0,0.0,0.0,0.0,0.0,0.0,0.0,0.0,0.0,0.0,0.0,0.0,0.0,0.0,0.0,0.0,0.0,0.0,0.0,0.0,0.0,0.0,0.0,0
17928,150.0,0.0,0.0,130.0,94.0,71.0,0.0,0.0,0.0,0.0,0.0,0.0,0.0,0.0,0.0,0.0,0.0,0.0,0.0,0.0,0.0,0.0,0.0,0.0,0.0,0.0,0.0,0.0,0.0,0.0,0.0,0.0,0.0,0.0,0
17928,116.0,100.0,0.0,116.0,86.0,68.0,10.0,0.0,3.0,0.0,0.0,7.35,55.0,0.0,0.0,0.0,0.0,0.0,0.0,0.0,0.0,87.0,1.3,0.0,0.0,3.6,0.0,0.0,28.5,0.0,0.0,0.0,0.0,0.0,0
17928,115.0,99.0,0.0,114.0,86.0,68.0,11.0,0.0,3.0,0.0,0.0,7.35,0.0,0.0,0.0,0.0,0.0,0.0,0.0,0.0,0.0,0.0,1.3,0.0,0.0,0.0,0.0,0.0,28.5,0.0,0.0,0.0,0.0,0.0,0
17928,116.0,100.0,38.0,104.0,76.0,59.0,14.0,0.0,0.0,0.0,0.4,0.0,0.0,0.0,0.0,0.0,0.0,0.0,0.0,0.0,0.0,0.0,0.0,0.0,0.0,0.0,0.0,0.0,0.0,0.0,0.0,0.0,0.0,0.0,0
17928,114.0,100.0,0.0,103.0,75.0,59.0,14.0,0.0,0.0,0.0,0.0,0.0,0.0,0.0,0.0,0.0,0.0,0.0,0.0,0.0,0.0,0.0,0.0,0.0,0.0,0.0,0.0,0.0,0.0,0.0,0.0,0.0,0.0,0.0,0
17928,121.0,100.0,0.0,126.0,94.0,73.0,15.0,0.0,0.0,0.0,0.0,0.0,0.0,0.0,0.0,0.0,0.0,0.0,0.0,0.0,0.0,0.0,0.0,0.0,0.0,0.0,0.0,0.0,0.0,0.0,0.0,0.0,0.0,0.0,0
17928,124.0,100.0,0.0,143.0,111.0,87.0,17.0,0.0,2.0,0.0,0.0,7.41,42.0,0.0,0.0,0.0,0.0,0.0,0.0,0.0,0.0,63.0,1.2,0.0,0.0,4.1,0.0,0.0,0.0,0.0,0.0,0.0,0.0,0.0,0
17928,120.0,100.0,38.33,94.0,71.0,56.0,14.0,0.0,2.0,0.0,0.4,7.41,0.0,0.0,0.0,0.0,0.0,0.0,0.0,0.0,0.0,0.0,1.2,0.0,0.0,0.0,0.0,0.0,0.0,0.0,0.0,0.0,0.0,0.0,0
17928,106.0,100.0,0.0,107.0,80.0,64.0,14.0,0.0,0.0,0.0,0.0,0.0,0.0,0.0,0.0,0.0,0.0,0.0,0.0,0.0,0.0,0.0,0.0,0.0,0.0,0.0,0.0,0.0,0.0,0.0,0.0,0.0,0.0,0.0,0
17928,114.0,100.0,0.0,110.5,89.0,66.5,14.5,0.0,0.0,0.0,0.0,0.0,0.0,0.0,0.0,0.0,0.0,0.0,0.0,0.0,0.0,0.0,0.0,0.0,0.0,0.0,0.0,0.0,26.0,0.0,0.0,0.0,0.0,0.0,0
17928,107.0,99.0,0.0,102.0,78.0,62.0,14.0,0.0,0.0,0.0,0.0,0.0,0.0,0.0,0.0,0.0,0.0,0.0,0.0,0.0,0.0,0.0,0.0,0.0,0.0,0.0,0.0,0.0,26.0,0.0,0.0,0.0,0.0,0.0,0
17928,104.0,100.0,37.61,102.0,77.0,62.0,17.0,0.0,0.0,0.0,0.4,0.0,0.0,0.0,0.0,0.0,0.0,0.0,0.0,0.0,0.0,0.0,0.0,0.0,0.0,0.0,0.0,0.0,0.0,0.0,0.0,0.0,0.0,0.0,0
17928,110.0,100.0,0.0,106.0,80.0,64.0,17.0,0.0,0.0,0.0,0.0,0.0,0.0,0.0,0.0,0.0,0.0,0.0,0.0,0.0,0.0,0.0,0.0,0.0,0.0,0.0,0.0,0.0,0.0,0.0,0.0,0.0,0.0,0.0,0
17928,110.0,100.0,0.0,103.0,78.0,62.0,16.0,0.0,0.0,23.0,0.0,0.0,0.0,0.0,0.0,5.0,0.0,7.8,104.0,0.3,0.0,57.0,0.0,1.6,2.9,3.8,0.0,0.0,25.9,9.0,0.0,10.3,0.0,188.0,0
17928,119.0,100.0,0.0,113.0,85.0,66.0,17.0,0.0,0.0,23.0,0.0,0.0,0.0,0.0,0.0,5.0,0.0,0.0,104.0,0.0,0.0,0.0,0.0,1.6,0.0,3.8,0.0,0.0,25.9,9.0,0.0,10.3,0.0,0.0,0
17928,118.0,100.0,37.67,98.0,72.0,56.0,14.0,0.0,0.0,0.0,0.4,0.0,0.0,0.0,0.0,0.0,0.0,0.0,0.0,0.0,0.0,0.0,0.0,0.0,0.0,0.0,0.0,0.0,0.0,0.0,0.0,0.0,0.0,0.0,0
17928,100.0,100.0,0.0,111.0,82.0,65.0,14.0,0.0,0.0,0.0,0.0,0.0,0.0,0.0,0.0,0.0,0.0,0.0,0.0,0.0,0.0,0.0,0.0,0.0,0.0,0.0,0.0,0.0,0.0,0.0,0.0,0.0,0.0,0.0,0
17928,106.0,100.0,0.0,102.0,76.0,61.0,14.0,0.0,0.0,0.0,0.0,0.0,0.0,0.0,0.0,0.0,0.0,0.0,0.0,0.0,0.0,0.0,0.0,0.0,0.0,0.0,0.0,0.0,0.0,0.0,0.0,0.0,0.0,0.0,0
17928,0.0,0.0,0.0,0.0,0.0,0.0,0.0,0.0,-1.0,0.0,0.4,7.4,36.0,0.0,0.0,0.0,0.0,0.0,0.0,0.0,0.0,0.0,0.9,0.0,0.0,0.0,0.0,0.0,0.0,0.0,0.0,0.0,0.0,0.0,0
17928,109.0,100.0,37.72,115.0,88.0,69.0,15.0,0.0,-1.0,0.0,0.0,7.4,0.0,0.0,0.0,0.0,0.0,0.0,0.0,0.0,0.0,0.0,0.9,0.0,0.0,0.0,0.0,0.0,0.0,0.0,0.0,0.0,0.0,0.0,0
17928,114.0,99.5,0.0,124.0,93.0,74.0,17.0,0.0,0.0,0.0,0.4,0.0,0.0,0.0,0.0,0.0,0.0,0.0,0.0,0.0,0.0,0.0,0.0,0.0,0.0,0.0,0.0,0.0,0.0,0.0,0.0,0.0,0.0,0.0,0
17928,115.0,100.0,0.0,102.0,75.0,60.0,14.0,0.0,0.0,0.0,0.0,0.0,0.0,0.0,0.0,0.0,0.0,0.0,0.0,0.0,0.0,0.0,0.0,0.0,0.0,0.0,0.0,0.0,0.0,0.0,0.0,0.0,0.0,0.0,0
17928,118.0,100.0,0.0,112.0,84.0,66.0,16.0,0.0,0.0,0.0,0.0,0.0,0.0,0.0,0.0,0.0,0.0,0.0,0.0,0.0,0.0,0.0,0.0,0.0,0.0,0.0,0.0,0.0,0.0,0.0,0.0,0.0,0.0,0.0,0
17928,125.0,100.0,38.22,117.0,88.0,68.0,19.0,0.0,0.0,0.0,0.4,0.0,0.0,0.0,0.0,0.0,0.0,0.0,0.0,0.0,0.0,0.0,0.0,0.0,0.0,0.0,0.0,0.0,0.0,0.0,0.0,0.0,0.0,0.0,0
17928,116.0,100.0,0.0,130.0,99.0,77.0,18.0,0.0,0.0,0.0,0.0,0.0,0.0,0.0,0.0,0.0,0.0,0.0,0.0,0.0,0.0,0.0,0.0,0.0,0.0,0.0,0.0,0.0,0.0,0.0,0.0,0.0,0.0,0.0,0
17928,109.0,100.0,37.39,112.0,83.0,65.0,16.0,0.0,0.0,0.0,0.0,0.0,0.0,0.0,0.0,0.0,0.0,0.0,0.0,0.0,0.0,0.0,0.0,0.0,0.0,0.0,0.0,0.0,26.7,0.0,0.0,0.0,0.0,0.0,0
17928,111.0,100.0,0.0,105.0,77.0,59.0,16.0,0.0,0.0,0.0,0.0,0.0,0.0,0.0,0.0,0.0,0.0,0.0,0.0,0.0,0.0,0.0,0.0,0.0,0.0,0.0,0.0,0.0,26.7,0.0,0.0,0.0,0.0,0.0,0
17928,119.0,100.0,0.0,114.0,84.0,65.0,16.5,0.0,0.0,0.0,0.4,0.0,0.0,0.0,0.0,0.0,0.0,0.0,0.0,0.0,0.0,0.0,0.0,0.0,0.0,0.0,0.0,0.0,0.0,0.0,0.0,0.0,0.0,0.0,0
17928,123.0,100.0,38.39,117.0,86.0,66.0,16.0,0.0,0.0,0.0,0.0,0.0,0.0,0.0,0.0,0.0,0.0,0.0,0.0,0.0,0.0,0.0,0.0,0.0,0.0,0.0,0.0,0.0,0.0,0.0,0.0,0.0,0.0,0.0,0
17928,127.0,100.0,0.0,125.0,93.0,72.0,18.0,0.0,0.0,0.0,0.0,0.0,0.0,0.0,0.0,0.0,0.0,0.0,0.0,0.0,0.0,0.0,0.0,0.0,0.0,0.0,0.0,0.0,0.0,0.0,0.0,0.0,0.0,0.0,0
