18126,115.0,97.0,36.72,138.0,98.0,0.0,18.0,0.0,0.0,0.0,0.0,0.0,0.0,0.0,0.0,0.0,0.0,0.0,0.0,0.0,0.0,0.0,0.0,0.0,0.0,0.0,0.0,0.0,0.0,0.0,0.0,0.0,0.0,0.0,0
18126,110.0,96.0,0.0,122.0,78.67,0.0,15.0,0.0,0.0,0.0,0.0,0.0,0.0,0.0,0.0,0.0,0.0,0.0,0.0,46.6,0.0,0.0,0.0,0.0,0.0,0.0,0.0,0.0,0.0,0.0,0.0,0.0,0.0,0.0,0
18126,112.0,96.0,36.56,123.0,81.0,0.0,14.0,0.0,0.0,15.0,0.0,0.0,0.0,0.0,0.0,89.0,0.0,7.9,112.0,8.2,0.0,75.0,0.0,2.3,7.4,5.0,0.0,0.0,20.9,7.6,0.0,7.1,0.0,218.0,0
18126,115.0,94.0,0.0,136.0,88.67,0.0,20.0,0.0,0.0,0.0,0.0,0.0,0.0,0.0,0.0,0.0,0.0,0.0,0.0,0.0,0.0,0.0,0.0,0.0,0.0,0.0,0.0,0.0,0.0,0.0,0.0,0.0,0.0,0.0,0
18126,114.0,92.0,36.97,132.5,81.17,0.0,13.5,0.0,0.0,0.0,0.0,0.0,0.0,0.0,0.0,0.0,0.0,0.0,0.0,0.0,0.0,0.0,0.0,0.0,0.0,0.0,0.0,0.0,0.0,0.0,0.0,0.0,0.0,0.0,0
18126,111.0,96.0,37.33,131.5,88.17,0.0,16.0,0.0,0.0,0.0,0.0,0.0,0.0,0.0,0.0,0.0,0.0,0.0,0.0,0.0,0.0,0.0,0.0,0.0,0.0,0.0,0.0,0.0,0.0,0.0,0.0,0.0,0.0,0.0,0
18126,113.0,95.5,37.17,122.5,79.17,0.0,16.5,0.0,0.0,0.0,0.0,0.0,0.0,0.0,0.0,0.0,0.0,0.0,0.0,0.0,0.0,0.0,0.0,0.0,0.0,0.0,0.0,0.0,0.0,0.0,0.0,0.0,0.0,0.0,0
18126,108.0,95.0,0.0,127.0,83.0,0.0,16.0,0.0,0.0,0.0,0.0,0.0,0.0,0.0,0.0,0.0,0.0,0.0,0.0,0.0,0.0,0.0,0.0,0.0,0.0,0.0,0.0,0.0,0.0,0.0,0.0,0.0,0.0,0.0,0
18126,109.0,95.0,0.0,119.0,79.67,0.0,23.0,0.0,0.0,18.0,0.0,0.0,0.0,0.0,0.0,85.0,0.0,7.8,113.0,8.1,0.0,95.0,0.0,2.3,7.2,4.2,0.0,0.0,22.7,8.0,0.0,7.7,0.0,217.0,0
18126,125.0,94.0,0.0,132.0,89.33,0.0,27.0,0.0,0.0,0.0,0.0,0.0,0.0,0.0,0.0,0.0,0.0,0.0,0.0,0.0,0.0,0.0,0.0,0.0,0.0,0.0,0.0,0.0,0.0,0.0,0.0,0.0,0.0,0.0,0
