18558,140.0,98.0,37.44,0.0,0.0,0.0,15.0,0.0,0.0,21.0,0.5,0.0,0.0,0.0,63.0,10.0,481.0,7.7,85.0,0.4,0.0,198.0,4.6,1.9,3.8,3.8,0.9,0.0,33.1,11.0,29.3,22.4,0.0,443.0,0
18558,154.0,96.0,0.0,0.0,96.5,0.0,14.0,0.0,0.0,21.0,0.0,0.0,0.0,0.0,63.0,10.0,481.0,0.0,85.0,0.0,0.0,0.0,4.6,1.9,0.0,3.8,0.0,0.0,33.1,11.0,0.0,22.4,0.0,0.0,0
18558,132.0,0.0,0.0,0.0,54.0,0.0,22.0,0.0,0.0,0.0,0.0,0.0,0.0,0.0,0.0,0.0,0.0,0.0,0.0,0.0,0.0,0.0,0.0,0.0,0.0,0.0,0.0,0.0,0.0,0.0,0.0,0.0,0.0,0.0,0
18558,138.0,97.0,0.0,0.0,64.0,0.0,23.0,0.0,0.0,0.0,0.0,0.0,0.0,0.0,0.0,0.0,0.0,0.0,0.0,0.0,0.0,0.0,0.0,0.0,0.0,0.0,0.0,0.0,0.0,0.0,0.0,0.0,0.0,0.0,0
18558,132.0,97.0,37.33,0.0,62.0,0.0,22.0,0.0,0.0,0.0,0.0,0.0,0.0,0.0,0.0,0.0,0.0,0.0,0.0,0.0,0.0,0.0,0.0,0.0,0.0,0.0,0.0,0.0,0.0,0.0,0.0,0.0,0.0,0.0,0
18558,131.0,97.0,0.0,0.0,59.0,0.0,18.0,0.0,-2.0,0.0,0.5,7.35,41.0,0.0,0.0,0.0,0.0,0.0,0.0,0.0,0.0,0.0,3.5,0.0,0.0,0.0,0.0,0.0,0.0,0.0,0.0,0.0,0.0,0.0,0
18558,138.0,96.0,0.0,0.0,59.0,0.0,25.0,0.0,0.0,0.0,0.0,0.0,0.0,0.0,0.0,0.0,0.0,0.0,0.0,0.0,0.0,0.0,3.5,0.0,0.0,0.0,0.0,0.0,0.0,0.0,0.0,0.0,0.0,0.0,0
18558,136.0,95.0,0.0,0.0,69.0,0.0,22.0,0.0,0.0,23.0,0.5,0.0,0.0,0.0,0.0,8.0,0.0,7.9,91.0,0.3,0.0,240.0,0.0,1.8,3.0,3.7,0.0,0.0,0.0,0.0,0.0,0.0,0.0,0.0,0
18558,131.0,96.0,37.61,0.0,65.0,0.0,24.0,0.0,0.0,23.0,0.0,0.0,0.0,0.0,0.0,8.0,0.0,0.0,91.0,0.0,0.0,0.0,0.0,1.8,0.0,3.7,0.0,0.0,0.0,0.0,0.0,0.0,0.0,0.0,1
18558,137.0,96.0,0.0,0.0,75.0,0.0,28.0,0.0,0.0,0.0,0.0,0.0,0.0,0.0,0.0,0.0,0.0,0.0,0.0,0.0,0.0,0.0,0.0,0.0,0.0,0.0,0.0,0.0,0.0,0.0,0.0,0.0,0.0,0.0,1
18558,134.0,95.0,0.0,0.0,71.0,0.0,24.0,0.0,0.0,0.0,0.0,0.0,0.0,0.0,0.0,0.0,0.0,0.0,0.0,0.0,0.0,0.0,0.0,0.0,0.0,0.0,0.0,0.0,0.0,0.0,0.0,0.0,0.0,0.0,1
18558,131.0,97.0,0.0,0.0,68.0,0.0,24.0,0.0,0.0,0.0,0.5,0.0,0.0,0.0,0.0,0.0,0.0,0.0,0.0,0.0,0.0,0.0,0.0,0.0,0.0,0.0,0.0,0.0,0.0,0.0,0.0,0.0,0.0,0.0,1
18558,129.0,95.0,37.33,0.0,73.0,0.0,24.0,0.0,0.0,0.0,0.0,0.0,0.0,0.0,0.0,0.0,0.0,0.0,0.0,0.0,0.0,0.0,0.0,0.0,0.0,0.0,0.0,0.0,0.0,0.0,0.0,0.0,0.0,0.0,1
18558,133.0,95.0,0.0,0.0,65.0,0.0,24.0,0.0,0.0,22.0,0.0,0.0,0.0,0.0,0.0,9.0,0.0,10.1,95.0,0.3,0.0,106.0,0.0,2.3,2.8,4.2,0.0,0.0,0.0,0.0,0.0,0.0,0.0,0.0,1
18558,134.0,95.0,0.0,0.0,73.0,0.0,22.0,0.0,0.0,22.0,0.0,0.0,0.0,0.0,0.0,9.0,0.0,0.0,95.0,0.0,0.0,0.0,0.0,2.3,0.0,4.2,0.0,0.0,0.0,0.0,0.0,0.0,0.0,0.0,1
18558,134.0,94.0,0.0,0.0,62.0,0.0,21.0,0.0,0.0,0.0,0.0,0.0,0.0,0.0,0.0,0.0,0.0,0.0,0.0,0.0,0.0,0.0,0.0,0.0,0.0,0.0,0.0,0.0,0.0,0.0,0.0,0.0,0.0,0.0,1
18558,131.0,96.0,37.28,0.0,68.0,0.0,23.0,0.0,0.0,0.0,0.5,0.0,0.0,0.0,0.0,0.0,0.0,0.0,0.0,0.0,0.0,0.0,0.0,0.0,0.0,0.0,0.0,0.0,0.0,0.0,0.0,0.0,0.0,0.0,1
