19090,95.0,100.0,0.0,104.0,68.0,50.0,16.0,0.0,-9.0,0.0,0.0,7.23,42.0,0.0,0.0,0.0,0.0,0.0,0.0,0.0,0.0,180.0,7.9,0.0,0.0,4.35,0.0,0.0,24.5,8.3,0.0,8.8,0.0,129.0,0
19090,82.5,100.0,35.6,107.5,72.0,53.0,14.0,0.0,-4.0,0.0,0.75,7.38,33.0,98.0,0.0,15.0,0.0,0.0,0.0,1.1,0.0,91.0,0.0,0.0,0.0,4.4,0.0,0.0,30.9,0.0,94.0,0.0,0.0,128.0,0
19090,84.0,100.0,36.3,115.5,72.0,51.0,14.0,0.0,-1.0,0.0,0.0,7.4,36.0,98.0,0.0,0.0,0.0,0.0,0.0,0.0,0.0,58.0,0.0,0.0,0.0,0.0,0.0,0.0,0.0,0.0,0.0,0.0,0.0,0.0,0
19090,84.0,99.0,36.6,105.0,66.0,49.0,17.0,0.0,0.0,0.0,0.4,0.0,0.0,78.0,0.0,0.0,0.0,0.0,0.0,0.0,0.0,91.5,0.0,0.0,0.0,0.0,0.0,0.0,0.0,0.0,0.0,0.0,0.0,0.0,0
19090,61.0,100.0,36.7,107.5,101.5,49.0,14.0,0.0,0.0,0.0,0.0,0.0,0.0,0.0,0.0,0.0,0.0,0.0,0.0,0.0,0.0,109.0,0.0,0.0,0.0,0.0,0.0,0.0,26.9,0.0,0.0,0.0,0.0,0.0,0
19090,67.0,100.0,36.5,112.0,72.0,52.0,14.0,0.0,0.0,0.0,0.0,7.4,0.0,0.0,0.0,0.0,0.0,0.0,0.0,0.0,0.0,134.0,5.1,0.0,0.0,5.2,0.0,0.0,0.0,0.0,0.0,0.0,0.0,0.0,0
19090,68.5,98.0,36.9,116.5,73.5,53.5,14.0,0.0,0.0,0.0,0.0,0.0,0.0,0.0,0.0,0.0,0.0,0.0,0.0,0.0,0.0,119.0,0.0,0.0,0.0,0.0,0.0,0.0,0.0,0.0,0.0,0.0,0.0,0.0,0
19090,83.0,98.0,37.2,115.0,77.0,59.0,12.5,0.0,-2.0,0.0,0.4,7.36,40.0,71.0,0.0,0.0,0.0,0.0,0.0,0.0,0.0,133.0,4.4,0.0,0.0,4.8,0.0,0.0,30.35,10.4,0.0,0.0,0.0,0.0,0
19090,86.0,98.0,37.25,109.0,75.0,57.0,12.0,0.0,-2.0,0.0,0.0,7.37,38.0,97.0,0.0,0.0,0.0,0.0,0.0,0.0,0.0,131.0,0.0,0.0,0.0,0.0,0.0,0.0,0.0,0.0,0.0,0.0,0.0,0.0,0
19090,86.0,99.5,37.3,109.5,79.0,61.5,15.0,0.0,0.0,0.0,0.4,0.0,0.0,0.0,0.0,0.0,0.0,0.0,0.0,0.0,0.0,130.0,0.0,0.0,0.0,0.0,0.0,0.0,0.0,0.0,0.0,0.0,0.0,0.0,0
19090,79.0,99.0,37.4,111.0,79.0,62.0,0.0,0.0,-3.0,0.0,0.0,7.35,40.0,98.0,0.0,0.0,0.0,0.0,0.0,0.0,0.0,123.0,0.0,0.0,0.0,0.0,0.0,0.0,0.0,0.0,0.0,0.0,0.0,0.0,0
19090,87.0,98.0,37.3,116.0,85.0,67.0,14.0,0.0,0.0,0.0,0.4,0.0,0.0,0.0,0.0,0.0,0.0,0.0,0.0,0.0,0.0,92.0,0.0,0.0,0.0,0.0,0.0,0.0,0.0,0.0,0.0,0.0,0.0,0.0,0
19090,81.0,99.0,37.4,123.0,86.0,65.5,13.0,0.0,0.0,20.0,0.0,7.32,0.0,69.0,0.0,22.0,0.0,8.4,113.0,2.0,0.0,97.0,2.4,2.6,2.1,4.8,0.0,0.0,34.0,11.7,33.5,10.8,0.0,117.0,0
19090,82.0,99.0,37.4,117.0,81.0,62.0,12.0,0.0,0.0,0.0,0.0,0.0,0.0,0.0,0.0,0.0,0.0,0.0,0.0,0.0,0.0,93.0,0.0,0.0,0.0,0.0,0.0,0.0,0.0,0.0,0.0,0.0,0.0,0.0,0
19090,85.0,97.0,37.3,113.0,80.0,62.0,14.0,0.0,0.0,0.0,0.0,0.0,0.0,0.0,0.0,0.0,0.0,0.0,0.0,0.0,0.0,99.0,0.0,0.0,0.0,0.0,0.0,0.0,0.0,0.0,0.0,0.0,0.0,0.0,0
19090,83.0,97.5,37.4,129.0,83.0,59.0,17.0,0.0,0.0,0.0,0.4,0.0,0.0,0.0,0.0,0.0,0.0,0.0,0.0,0.0,0.0,96.0,0.0,0.0,0.0,0.0,0.0,0.0,0.0,0.0,0.0,0.0,0.0,0.0,0
19090,81.0,97.0,37.4,119.0,79.0,54.5,14.0,0.0,0.0,0.0,0.0,0.0,0.0,0.0,0.0,0.0,0.0,0.0,0.0,0.0,0.0,108.0,0.0,0.0,0.0,0.0,0.0,0.0,0.0,0.0,0.0,0.0,0.0,0.0,0
19090,82.0,97.0,37.4,103.0,63.67,55.0,14.0,0.0,0.0,0.0,0.0,0.0,0.0,0.0,0.0,0.0,0.0,0.0,0.0,0.0,0.0,0.0,0.0,0.0,0.0,0.0,0.0,0.0,0.0,0.0,0.0,0.0,0.0,0.0,0
19090,76.0,98.0,37.4,107.0,61.67,0.0,14.0,0.0,0.0,0.0,0.4,0.0,0.0,0.0,0.0,0.0,0.0,0.0,0.0,0.0,0.0,104.0,0.0,0.0,0.0,0.0,0.0,0.0,0.0,0.0,0.0,0.0,0.0,0.0,0
19090,84.0,99.0,37.4,119.0,67.33,0.0,14.0,0.0,0.0,0.0,0.0,0.0,0.0,0.0,0.0,0.0,0.0,0.0,0.0,0.0,0.0,0.0,0.0,0.0,0.0,0.0,0.0,0.0,0.0,0.0,0.0,0.0,0.0,0.0,0
19090,84.0,99.0,37.5,119.5,70.83,0.0,15.0,0.0,0.0,0.0,0.0,0.0,0.0,0.0,0.0,0.0,0.0,0.0,0.0,0.0,0.0,96.0,0.0,0.0,0.0,0.0,0.0,0.0,0.0,0.0,0.0,0.0,0.0,0.0,0
19090,81.0,100.0,37.6,121.5,70.67,58.0,14.0,0.0,0.0,0.0,0.0,0.0,0.0,0.0,0.0,0.0,0.0,0.0,0.0,0.0,0.0,106.0,0.0,0.0,0.0,0.0,0.0,0.0,0.0,0.0,0.0,0.0,0.0,0.0,0
19090,95.5,98.5,37.5,112.0,68.5,58.0,17.25,0.0,0.0,0.0,0.4,0.0,0.0,0.0,0.0,0.0,0.0,0.0,0.0,0.0,0.0,78.0,0.0,0.0,0.0,0.0,0.0,0.0,0.0,0.0,0.0,0.0,0.0,0.0,0
19090,90.0,98.0,37.4,127.0,86.5,64.0,14.5,0.0,0.0,0.0,0.4,0.0,0.0,0.0,0.0,0.0,0.0,0.0,0.0,0.0,0.0,0.0,0.0,0.0,0.0,0.0,0.0,0.0,0.0,0.0,0.0,0.0,0.0,0.0,0
19090,96.0,98.0,37.4,118.0,82.0,60.0,17.0,0.0,-3.0,0.0,0.0,7.35,39.0,98.0,0.0,0.0,0.0,0.0,0.0,0.0,0.0,127.0,1.6,0.0,0.0,4.9,0.0,0.0,0.0,0.0,0.0,0.0,0.0,0.0,0
19090,96.0,97.0,37.1,109.0,76.0,56.0,23.0,0.0,-4.0,0.0,0.0,7.33,40.0,98.0,0.0,30.0,0.0,0.0,0.0,3.1,0.0,143.0,0.0,0.0,0.0,0.0,0.0,0.0,0.0,0.0,0.0,0.0,0.0,0.0,0
19090,89.0,98.0,37.1,121.0,76.0,56.0,18.0,0.0,0.0,0.0,0.0,0.0,0.0,0.0,0.0,0.0,0.0,0.0,0.0,0.0,0.0,121.0,0.0,0.0,0.0,0.0,0.0,0.0,0.0,0.0,0.0,0.0,0.0,0.0,0
19090,88.0,97.5,37.3,125.0,81.5,57.5,23.5,0.0,0.0,0.0,0.5,0.0,0.0,0.0,0.0,0.0,0.0,0.0,0.0,0.0,0.0,123.0,0.0,0.0,0.0,0.0,0.0,0.0,0.0,0.0,0.0,0.0,0.0,0.0,0
19090,89.0,93.0,37.4,123.0,82.0,58.0,17.0,0.0,0.0,0.0,0.7,0.0,0.0,0.0,0.0,0.0,0.0,0.0,0.0,0.0,0.0,119.0,0.0,0.0,0.0,0.0,0.0,0.0,0.0,0.0,0.0,0.0,0.0,0.0,0
19090,92.0,96.0,37.3,120.0,81.0,58.0,5.0,0.0,-3.0,0.0,0.0,7.37,35.0,97.0,0.0,0.0,0.0,0.0,0.0,0.0,0.0,112.0,1.5,0.0,0.0,4.7,0.0,0.0,0.0,0.0,0.0,0.0,0.0,0.0,0
19090,92.0,96.0,37.5,126.0,85.0,60.0,22.0,0.0,0.0,0.0,0.0,0.0,0.0,0.0,0.0,0.0,0.0,0.0,0.0,0.0,0.0,0.0,0.0,0.0,0.0,0.0,0.0,0.0,0.0,0.0,0.0,0.0,0.0,0.0,0
19090,91.0,94.0,37.5,129.0,85.0,60.0,22.0,0.0,0.0,0.0,0.0,0.0,0.0,0.0,0.0,0.0,0.0,0.0,0.0,0.0,0.0,0.0,0.0,0.0,0.0,0.0,0.0,0.0,0.0,0.0,0.0,0.0,0.0,0.0,0
19090,91.0,93.0,37.7,130.0,81.0,54.0,23.0,0.0,0.0,0.0,0.0,0.0,0.0,0.0,0.0,0.0,0.0,0.0,0.0,0.0,0.0,107.0,0.0,0.0,0.0,0.0,0.0,0.0,0.0,0.0,0.0,0.0,0.0,0.0,0
19090,102.0,95.0,37.8,106.0,73.0,56.0,22.0,0.0,0.0,0.0,0.0,0.0,0.0,0.0,0.0,0.0,0.0,0.0,0.0,0.0,0.0,128.0,0.0,0.0,0.0,0.0,0.0,0.0,0.0,0.0,0.0,0.0,0.0,0.0,0
19090,102.0,0.0,37.8,105.0,71.0,54.0,22.0,0.0,0.0,0.0,0.0,0.0,0.0,0.0,0.0,0.0,0.0,0.0,0.0,0.0,0.0,0.0,0.0,0.0,0.0,0.0,0.0,0.0,0.0,0.0,0.0,0.0,0.0,0.0,0
19090,102.0,93.0,37.9,112.0,74.0,55.0,26.0,0.0,0.0,0.0,0.0,0.0,0.0,0.0,0.0,0.0,0.0,0.0,0.0,0.0,0.0,124.0,0.0,0.0,0.0,0.0,0.0,0.0,0.0,0.0,0.0,0.0,0.0,0.0,0
19090,97.0,0.0,37.9,123.0,78.0,55.0,22.0,0.0,0.0,0.0,0.0,0.0,0.0,0.0,0.0,0.0,0.0,0.0,0.0,0.0,0.0,0.0,0.0,0.0,0.0,0.0,0.0,0.0,0.0,0.0,0.0,0.0,0.0,0.0,0
19090,95.0,96.0,37.5,120.0,77.0,54.0,21.0,0.0,0.0,21.0,0.0,0.0,0.0,0.0,0.0,41.0,0.0,0.0,111.0,4.0,0.0,101.0,0.0,2.5,0.0,4.6,0.0,0.0,30.1,0.0,0.0,0.0,0.0,0.0,0
19090,98.0,0.0,37.8,120.0,89.0,69.0,20.0,0.0,0.0,0.0,0.0,0.0,0.0,71.0,0.0,0.0,0.0,0.0,0.0,0.0,0.0,0.0,0.0,0.0,0.0,0.0,0.0,0.0,30.1,0.0,0.0,0.0,0.0,0.0,0
19090,95.0,95.0,37.5,109.0,75.0,54.0,23.0,0.0,0.0,0.0,0.0,0.0,0.0,0.0,0.0,0.0,0.0,0.0,0.0,0.0,0.0,0.0,0.0,0.0,0.0,0.0,0.0,0.0,0.0,0.0,0.0,0.0,0.0,0.0,0
19090,94.0,96.0,37.4,126.0,80.0,54.0,20.0,0.0,0.0,0.0,0.0,0.0,0.0,0.0,0.0,0.0,0.0,0.0,0.0,0.0,0.0,0.0,0.0,0.0,0.0,0.0,0.0,0.0,0.0,0.0,0.0,0.0,0.0,0.0,0
19090,95.0,94.0,37.3,110.0,75.0,54.0,20.0,0.0,0.0,0.0,0.0,0.0,0.0,0.0,0.0,0.0,0.0,0.0,0.0,0.0,0.0,96.0,0.0,0.0,0.0,0.0,0.0,0.0,0.0,0.0,0.0,0.0,0.0,0.0,0
19090,94.0,94.0,37.4,117.0,75.0,54.0,25.0,0.0,0.0,0.0,0.0,0.0,0.0,0.0,0.0,0.0,0.0,0.0,0.0,0.0,0.0,0.0,0.0,0.0,0.0,0.0,0.0,0.0,0.0,0.0,0.0,0.0,0.0,0.0,0
