19361,0.0,0.0,0.0,0.0,0.0,0.0,0.0,0.0,0.0,0.0,0.0,0.0,0.0,0.0,0.0,0.0,0.0,0.0,0.0,0.0,0.0,0.0,0.0,0.0,0.0,0.0,0.0,0.0,0.0,0.0,0.0,0.0,0.0,0.0,0
19361,66.0,100.0,37.56,127.5,90.0,75.5,13.0,0.0,0.0,0.0,0.4,0.0,0.0,99.0,0.0,0.0,0.0,0.0,0.0,0.0,0.0,0.0,0.0,0.0,0.0,0.0,0.0,0.0,0.0,0.0,0.0,0.0,0.0,0.0,0
19361,65.0,100.0,0.0,104.0,82.0,62.0,15.0,0.0,0.0,0.0,0.0,0.0,0.0,99.0,0.0,0.0,0.0,0.0,0.0,0.0,0.0,0.0,0.0,0.0,0.0,0.0,0.0,0.0,0.0,0.0,0.0,0.0,0.0,0.0,0
19361,71.0,100.0,0.0,100.0,81.0,59.0,14.0,0.0,-3.0,0.0,0.0,7.39,34.0,99.0,0.0,0.0,0.0,0.0,0.0,0.0,0.0,0.0,1.3,0.0,0.0,0.0,0.0,0.0,0.0,0.0,0.0,0.0,0.0,0.0,0
19361,76.0,100.0,38.44,107.0,87.0,65.0,15.0,0.0,-3.0,26.0,0.4,7.39,0.0,99.0,0.0,10.0,0.0,8.5,108.0,0.8,0.0,145.0,1.3,2.1,2.0,3.8,0.0,0.0,0.0,0.0,0.0,0.0,0.0,0.0,0
19361,81.5,100.0,0.0,127.0,95.0,70.5,18.5,0.0,0.0,26.0,0.0,0.0,0.0,99.0,0.0,10.0,0.0,0.0,108.0,0.0,0.0,0.0,0.0,2.1,0.0,3.8,0.0,0.0,0.0,0.0,0.0,0.0,0.0,0.0,0
19361,77.0,95.0,0.0,102.0,83.0,66.0,17.0,0.0,1.0,25.0,0.0,7.4,42.0,98.5,0.0,9.0,0.0,8.2,106.0,0.8,0.0,124.0,1.6,2.0,2.0,3.6,0.0,0.0,33.3,11.9,31.3,11.4,0.0,218.0,0
19361,76.0,100.0,0.0,125.0,91.0,68.0,16.0,0.0,1.0,25.0,0.0,7.4,0.0,98.0,0.0,9.0,0.0,0.0,106.0,0.0,0.0,0.0,1.6,2.0,0.0,3.6,0.0,0.0,33.3,11.9,0.0,11.4,0.0,0.0,0
19361,76.0,100.0,38.0,114.0,84.0,64.0,17.0,0.0,0.0,0.0,0.4,0.0,0.0,100.0,0.0,0.0,0.0,0.0,0.0,0.0,0.0,0.0,0.0,0.0,0.0,0.0,0.0,0.0,0.0,0.0,0.0,0.0,0.0,0.0,0
19361,84.0,100.0,0.0,107.0,77.0,62.0,17.0,0.0,0.0,0.0,0.0,0.0,0.0,0.0,0.0,0.0,0.0,0.0,0.0,0.0,0.0,0.0,0.0,0.0,0.0,0.0,0.0,0.0,0.0,0.0,0.0,0.0,0.0,0.0,0
19361,76.0,0.0,0.0,108.0,80.0,64.0,18.0,0.0,0.0,0.0,0.0,0.0,0.0,0.0,0.0,0.0,0.0,0.0,0.0,0.0,0.0,0.0,0.0,0.0,0.0,0.0,0.0,0.0,0.0,0.0,0.0,0.0,0.0,0.0,0
19361,0.0,0.0,0.0,102.0,80.0,62.0,15.5,0.0,0.0,26.0,0.4,0.0,0.0,0.0,0.0,9.0,0.0,8.2,107.0,0.8,0.0,126.0,0.0,2.1,1.8,3.4,0.0,0.0,0.0,0.0,31.9,0.0,0.0,227.0,0
19361,70.0,100.0,37.11,117.0,87.0,67.0,16.0,0.0,0.0,26.0,0.0,0.0,0.0,0.0,0.0,9.0,0.0,0.0,107.0,0.0,0.0,0.0,0.0,2.1,0.0,3.4,0.0,0.0,0.0,0.0,0.0,0.0,0.0,0.0,0
19361,71.0,100.0,0.0,115.0,91.0,71.0,17.0,0.0,0.0,0.0,0.0,0.0,0.0,0.0,0.0,0.0,0.0,0.0,0.0,0.0,0.0,0.0,0.0,0.0,0.0,0.0,0.0,0.0,0.0,0.0,0.0,0.0,0.0,0.0,0
19361,71.0,100.0,0.0,111.0,83.0,64.0,21.0,0.0,0.0,0.0,0.0,0.0,0.0,0.0,0.0,0.0,0.0,0.0,0.0,0.0,0.0,0.0,0.0,0.0,0.0,0.0,0.0,0.0,0.0,0.0,0.0,0.0,0.0,0.0,0
19361,87.0,100.0,0.0,114.0,88.0,68.0,20.0,0.0,0.0,0.0,0.0,7.4,37.0,98.0,0.0,0.0,0.0,0.0,0.0,0.0,0.0,0.0,0.0,0.0,0.0,0.0,0.0,0.0,0.0,0.0,0.0,0.0,0.0,0.0,0
19361,78.0,100.0,37.44,109.0,78.0,61.0,21.0,0.0,0.0,0.0,0.4,7.4,0.0,98.0,0.0,0.0,0.0,0.0,0.0,0.0,0.0,0.0,0.0,0.0,0.0,0.0,0.0,0.0,0.0,0.0,0.0,0.0,0.0,0.0,0
19361,90.0,100.0,0.0,109.0,85.0,67.0,22.0,0.0,0.0,0.0,0.0,0.0,0.0,0.0,0.0,0.0,0.0,0.0,0.0,0.0,0.0,0.0,0.0,0.0,0.0,0.0,0.0,0.0,0.0,0.0,0.0,0.0,0.0,0.0,0
19361,77.0,100.0,0.0,123.0,88.0,66.0,21.0,0.0,0.0,0.0,0.0,0.0,0.0,0.0,0.0,0.0,0.0,0.0,0.0,0.0,0.0,0.0,0.0,0.0,0.0,0.0,0.0,0.0,0.0,0.0,0.0,0.0,0.0,0.0,0
19361,93.0,99.0,0.0,112.0,86.0,67.0,19.0,0.0,0.0,0.0,0.4,0.0,0.0,0.0,0.0,0.0,0.0,0.0,0.0,0.0,0.0,0.0,0.0,0.0,0.0,0.0,0.0,0.0,0.0,0.0,0.0,0.0,0.0,0.0,0
19361,93.0,100.0,37.22,120.0,89.0,69.0,24.0,0.0,0.0,0.0,0.0,0.0,0.0,0.0,0.0,0.0,0.0,0.0,0.0,0.0,0.0,0.0,0.0,0.0,0.0,0.0,0.0,0.0,0.0,0.0,0.0,0.0,0.0,0.0,0
19361,90.0,99.0,0.0,115.0,81.0,61.0,21.0,0.0,1.0,0.0,0.0,7.45,35.0,0.0,0.0,0.0,0.0,0.0,0.0,0.0,0.0,0.0,0.0,0.0,0.0,0.0,0.0,0.0,0.0,0.0,0.0,0.0,0.0,0.0,0
19361,88.0,100.0,0.0,118.0,85.0,66.0,21.0,0.0,1.0,0.0,0.0,7.45,0.0,0.0,0.0,0.0,0.0,0.0,0.0,0.0,0.0,0.0,0.0,0.0,0.0,0.0,0.0,0.0,0.0,0.0,0.0,0.0,0.0,0.0,0
19361,85.0,100.0,0.0,111.0,79.0,62.0,20.5,0.0,0.0,0.0,0.4,0.0,0.0,0.0,0.0,0.0,0.0,0.0,0.0,0.0,0.0,0.0,0.0,0.0,0.0,0.0,0.0,0.0,0.0,0.0,0.0,0.0,0.0,0.0,0
19361,70.0,100.0,36.22,108.0,76.0,57.0,20.0,0.0,0.0,0.0,0.0,0.0,0.0,0.0,0.0,0.0,0.0,0.0,0.0,0.0,0.0,0.0,0.0,0.0,0.0,0.0,0.0,0.0,0.0,0.0,0.0,0.0,0.0,0.0,0
19361,72.0,100.0,0.0,109.0,76.0,56.0,19.0,0.0,0.0,0.0,0.0,0.0,0.0,0.0,0.0,0.0,0.0,0.0,0.0,0.0,0.0,0.0,0.0,0.0,0.0,0.0,0.0,0.0,0.0,0.0,0.0,0.0,0.0,0.0,0
19361,72.0,100.0,0.0,101.0,70.0,51.0,20.0,0.0,0.0,0.0,0.0,0.0,0.0,0.0,0.0,0.0,0.0,0.0,0.0,0.0,0.0,0.0,0.0,0.0,0.0,0.0,0.0,0.0,0.0,0.0,0.0,0.0,0.0,0.0,0
19361,67.0,100.0,0.0,97.0,67.0,50.0,18.0,0.0,0.0,0.0,0.0,0.0,0.0,0.0,0.0,0.0,0.0,0.0,0.0,0.0,0.0,0.0,0.0,0.0,0.0,0.0,0.0,0.0,0.0,0.0,0.0,0.0,0.0,0.0,0
19361,62.0,100.0,36.33,113.0,80.0,59.0,17.5,0.0,0.0,0.0,0.4,0.0,0.0,0.0,0.0,0.0,0.0,0.0,0.0,0.0,0.0,0.0,0.0,0.0,0.0,0.0,0.0,0.0,0.0,0.0,0.0,0.0,0.0,0.0,0
19361,62.0,100.0,0.0,105.0,73.0,53.0,18.0,0.0,0.0,26.0,0.0,0.0,0.0,0.0,0.0,9.0,0.0,8.6,108.0,0.9,0.0,123.0,0.0,2.3,2.7,3.4,0.0,0.0,31.7,10.9,34.5,12.2,0.0,189.0,0
19361,71.0,100.0,0.0,141.0,99.0,71.0,21.0,0.0,2.0,26.0,0.4,7.4,44.0,99.0,0.0,9.0,0.0,0.0,108.0,0.0,0.0,0.0,1.7,2.3,0.0,3.4,0.0,0.0,31.7,10.9,0.0,12.2,0.0,0.0,0
19361,74.0,100.0,0.0,135.0,95.0,68.0,18.0,0.0,2.0,0.0,0.3,7.4,0.0,99.0,0.0,0.0,0.0,0.0,0.0,0.0,0.0,0.0,1.7,0.0,0.0,0.0,0.0,0.0,0.0,0.0,0.0,0.0,0.0,0.0,0
19361,63.0,100.0,36.67,109.0,76.0,56.0,18.5,0.0,0.0,0.0,0.3,0.0,0.0,0.0,0.0,0.0,0.0,0.0,0.0,0.0,0.0,0.0,0.0,0.0,0.0,0.0,0.0,0.0,0.0,0.0,0.0,0.0,0.0,0.0,0
19361,64.0,100.0,0.0,126.0,89.0,64.0,16.0,0.0,0.0,0.0,0.0,0.0,0.0,0.0,0.0,0.0,0.0,0.0,0.0,0.0,0.0,0.0,0.0,0.0,0.0,0.0,0.0,0.0,0.0,0.0,0.0,0.0,0.0,0.0,0
19361,76.0,100.0,0.0,112.0,75.0,54.0,16.0,0.0,0.0,0.0,0.0,0.0,0.0,0.0,0.0,0.0,0.0,0.0,0.0,0.0,0.0,0.0,0.0,0.0,0.0,0.0,0.0,0.0,0.0,0.0,0.0,0.0,0.0,0.0,0
19361,76.0,0.0,0.0,121.0,79.0,57.0,18.0,0.0,0.0,0.0,0.3,0.0,0.0,0.0,0.0,0.0,0.0,0.0,0.0,0.0,0.0,0.0,0.0,2.3,0.0,3.9,0.0,0.0,0.0,0.0,0.0,0.0,0.0,0.0,0
19361,76.0,0.0,36.17,118.0,82.0,60.0,18.0,0.0,0.0,0.0,0.0,0.0,0.0,0.0,0.0,0.0,0.0,0.0,0.0,0.0,0.0,0.0,0.0,2.3,0.0,3.9,0.0,0.0,0.0,0.0,0.0,0.0,0.0,0.0,0
19361,71.0,0.0,0.0,109.0,74.0,56.0,18.0,0.0,0.0,0.0,0.0,0.0,0.0,0.0,0.0,0.0,0.0,0.0,0.0,0.0,0.0,0.0,0.0,0.0,0.0,0.0,0.0,0.0,0.0,0.0,0.0,0.0,0.0,0.0,0
19361,84.0,0.0,0.0,128.0,84.0,62.0,20.0,0.0,0.0,0.0,0.0,0.0,0.0,0.0,0.0,0.0,0.0,0.0,0.0,0.0,0.0,0.0,0.0,0.0,0.0,0.0,0.0,0.0,0.0,0.0,0.0,0.0,0.0,0.0,0
19361,72.0,0.0,0.0,107.0,68.0,51.0,15.0,0.0,0.0,0.0,0.3,0.0,0.0,0.0,0.0,0.0,0.0,0.0,0.0,0.0,0.0,0.0,0.0,0.0,0.0,0.0,0.0,0.0,0.0,0.0,0.0,0.0,0.0,0.0,0
19361,75.0,0.0,36.89,132.0,84.0,61.0,16.0,0.0,0.0,0.0,0.0,0.0,0.0,0.0,0.0,0.0,0.0,0.0,0.0,0.0,0.0,0.0,0.0,0.0,0.0,0.0,0.0,0.0,0.0,0.0,0.0,0.0,0.0,0.0,0
19361,88.0,0.0,0.0,112.0,78.0,58.0,19.0,0.0,0.0,0.0,0.0,0.0,0.0,0.0,0.0,0.0,0.0,0.0,0.0,0.0,0.0,0.0,0.0,0.0,0.0,0.0,0.0,0.0,0.0,0.0,0.0,0.0,0.0,0.0,0
19361,95.0,0.0,0.0,104.0,76.0,57.0,20.0,0.0,0.0,0.0,0.0,0.0,0.0,0.0,0.0,0.0,0.0,0.0,0.0,0.0,0.0,0.0,0.0,0.0,0.0,0.0,0.0,0.0,0.0,0.0,0.0,0.0,0.0,0.0,0
19361,91.0,98.0,0.0,103.0,73.0,55.0,18.0,0.0,0.0,0.0,0.0,0.0,0.0,0.0,0.0,0.0,0.0,0.0,0.0,0.0,0.0,0.0,0.0,0.0,0.0,0.0,0.0,0.0,0.0,0.0,0.0,0.0,0.0,0.0,0
