19471,0.0,0.0,0.0,0.0,0.0,0.0,0.0,0.0,0.0,0.0,0.0,0.0,0.0,0.0,0.0,0.0,0.0,0.0,0.0,0.0,0.0,0.0,0.0,0.0,0.0,0.0,0.0,0.0,0.0,0.0,0.0,0.0,0.0,0.0,0
19471,91.0,100.0,36.44,123.0,82.0,62.0,21.5,0.0,0.0,0.0,0.0,0.0,0.0,0.0,0.0,0.0,0.0,0.0,0.0,0.0,0.0,0.0,0.0,0.0,0.0,0.0,0.0,0.0,0.0,0.0,0.0,0.0,0.0,0.0,0
19471,95.5,100.0,0.0,140.0,91.5,68.5,21.0,0.0,-3.0,0.0,0.5,7.29,48.0,97.0,0.0,0.0,0.0,0.0,114.0,0.0,0.0,136.0,0.0,2.5,0.0,4.6,0.0,0.0,33.0,0.0,0.0,0.0,0.0,0.0,0
19471,83.5,99.0,0.0,146.0,87.0,63.5,17.0,0.0,-5.0,0.0,0.0,7.26,49.0,94.0,0.0,0.0,0.0,0.0,0.0,0.0,0.0,0.0,2.4,0.0,0.0,0.0,0.0,0.0,0.0,0.0,0.0,0.0,0.0,0.0,0
19471,101.0,95.0,36.17,97.5,59.0,44.5,17.5,0.0,-5.0,0.0,0.0,7.27,47.0,96.0,0.0,0.0,0.0,0.0,0.0,0.0,0.0,0.0,2.0,0.0,0.0,0.0,0.0,0.0,0.0,0.0,0.0,0.0,0.0,0.0,0
19471,89.0,98.0,36.44,131.0,79.0,59.0,24.0,0.0,0.0,0.0,0.0,0.0,0.0,0.0,0.0,0.0,0.0,0.0,0.0,0.0,0.0,0.0,0.0,0.0,0.0,0.0,0.0,0.0,0.0,0.0,0.0,0.0,0.0,0.0,0
19471,82.0,97.0,0.0,121.0,74.0,55.0,25.0,0.0,-4.0,0.0,0.5,7.36,36.0,97.0,0.0,0.0,0.0,0.0,0.0,0.0,0.0,93.0,0.0,0.0,0.0,0.0,0.0,0.0,0.0,0.0,0.0,0.0,0.0,0.0,0
19471,76.0,97.0,0.0,109.0,66.0,49.0,29.0,0.0,0.0,0.0,0.0,0.0,0.0,0.0,0.0,0.0,0.0,0.0,0.0,0.0,0.0,0.0,0.0,0.0,0.0,0.0,0.0,0.0,0.0,0.0,0.0,0.0,0.0,0.0,0
19471,84.0,100.0,0.0,128.0,76.0,56.0,22.0,0.0,0.0,0.0,0.0,0.0,0.0,0.0,0.0,0.0,0.0,0.0,0.0,0.0,0.0,0.0,0.0,0.0,0.0,0.0,0.0,0.0,0.0,0.0,0.0,0.0,0.0,0.0,0
19471,86.0,96.0,0.0,106.0,62.0,47.0,25.0,0.0,-2.0,0.0,0.5,7.35,41.0,96.0,0.0,0.0,0.0,0.0,0.0,0.0,0.0,127.0,0.0,0.0,0.0,0.0,0.0,0.0,0.0,0.0,0.0,0.0,0.0,0.0,0
19471,101.0,96.0,37.39,118.0,76.0,60.0,19.5,0.0,-2.0,0.0,0.5,7.38,37.0,97.0,0.0,0.0,0.0,0.0,0.0,0.0,0.0,127.0,0.0,0.0,0.0,0.0,0.0,0.0,0.0,0.0,0.0,0.0,0.0,0.0,0
19471,101.0,96.0,0.0,108.0,70.0,55.0,12.0,0.0,0.0,0.0,0.0,7.38,46.0,96.0,0.0,0.0,0.0,0.0,0.0,0.0,0.0,130.0,0.0,0.0,0.0,0.0,0.0,0.0,0.0,0.0,0.0,0.0,0.0,0.0,0
19471,101.0,96.0,0.0,108.0,69.0,55.0,15.0,0.0,0.0,0.0,0.4,7.38,40.0,97.0,0.0,0.0,0.0,0.0,0.0,0.0,0.0,0.0,0.0,0.0,0.0,0.0,0.0,0.0,0.0,0.0,0.0,0.0,0.0,0.0,0
19471,102.0,95.0,0.0,110.0,67.0,52.0,19.0,0.0,-1.0,24.0,0.4,7.39,38.0,95.0,0.0,13.0,0.0,8.1,111.0,0.8,0.0,100.0,0.0,1.8,3.0,4.4,0.0,0.0,25.4,8.9,0.0,8.4,0.0,107.0,0
19471,102.0,97.0,37.67,110.0,67.0,50.0,18.0,0.0,0.0,0.0,0.5,0.0,0.0,0.0,0.0,0.0,0.0,0.0,0.0,0.0,0.0,0.0,0.0,0.0,0.0,0.0,0.0,0.0,0.0,0.0,0.0,0.0,0.0,0.0,0
19471,98.0,96.0,0.0,121.0,74.0,55.0,19.0,0.0,0.0,0.0,0.0,7.41,39.0,97.0,0.0,0.0,0.0,0.0,0.0,0.0,0.0,79.0,0.0,0.0,0.0,0.0,0.0,0.0,0.0,0.0,0.0,0.0,0.0,0.0,0
19471,100.0,96.0,0.0,108.0,66.0,50.0,18.0,0.0,0.0,0.0,0.0,0.0,0.0,0.0,0.0,0.0,0.0,0.0,0.0,0.0,0.0,0.0,0.0,0.0,0.0,0.0,0.0,0.0,0.0,0.0,0.0,0.0,0.0,0.0,0
19471,103.0,92.0,0.0,113.0,65.0,48.0,22.0,0.0,0.0,0.0,0.7,0.0,0.0,0.0,0.0,0.0,0.0,0.0,0.0,0.0,0.0,0.0,0.0,0.0,0.0,0.0,0.0,0.0,0.0,0.0,0.0,0.0,0.0,0.0,0
19471,104.0,95.0,37.33,127.0,68.5,56.0,26.0,0.0,0.0,0.0,1.0,7.44,34.0,95.0,0.0,0.0,0.0,0.0,0.0,0.0,0.0,121.0,0.0,0.0,0.0,0.0,0.0,0.0,0.0,0.0,0.0,0.0,0.0,0.0,0
19471,102.0,96.0,0.0,133.0,69.0,60.0,29.0,0.0,0.0,0.0,1.0,0.0,0.0,0.0,0.0,0.0,0.0,0.0,0.0,0.0,0.0,0.0,0.0,0.0,0.0,0.0,0.0,0.0,0.0,0.0,0.0,0.0,0.0,0.0,0
19471,90.0,98.0,0.0,138.0,67.0,60.0,28.0,0.0,0.0,0.0,0.6,0.0,0.0,0.0,0.0,0.0,0.0,0.0,0.0,0.0,0.0,0.0,0.0,0.0,0.0,0.0,0.0,0.0,0.0,0.0,0.0,0.0,0.0,0.0,0
19471,81.0,97.0,0.0,103.0,66.5,57.0,15.0,0.0,0.0,0.0,0.0,7.42,40.0,98.0,0.0,0.0,0.0,0.0,0.0,0.0,0.0,98.0,0.0,2.7,0.0,0.0,0.0,0.0,26.5,0.0,0.0,0.0,0.0,0.0,0
19471,77.0,98.0,35.78,107.0,63.0,50.0,38.0,0.0,0.0,0.0,0.0,0.0,0.0,0.0,0.0,0.0,0.0,0.0,0.0,0.0,0.0,0.0,0.0,0.0,0.0,0.0,0.0,0.0,0.0,0.0,0.0,0.0,0.0,0.0,0
