20854,0.0,0.0,0.0,0.0,0.0,0.0,0.0,0.0,0.0,0.0,0.0,0.0,0.0,0.0,0.0,0.0,0.0,0.0,0.0,0.0,0.0,0.0,0.0,0.0,0.0,0.0,0.0,0.0,0.0,0.0,0.0,0.0,0.0,0.0,0
20854,0.0,0.0,0.0,0.0,0.0,0.0,0.0,0.0,0.0,0.0,0.0,0.0,0.0,0.0,0.0,0.0,0.0,0.0,0.0,0.0,0.0,382.0,0.0,0.0,0.0,0.0,0.0,0.0,0.0,0.0,0.0,0.0,0.0,0.0,0
20854,92.0,99.0,0.0,97.0,79.0,73.0,16.0,0.0,0.0,0.0,0.0,0.0,0.0,0.0,0.0,0.0,0.0,0.0,0.0,0.0,0.0,0.0,0.0,0.0,0.0,0.0,0.0,0.0,0.0,0.0,0.0,0.0,0.0,0.0,0
20854,92.0,99.0,0.0,128.0,98.0,83.0,18.0,0.0,0.0,0.0,0.0,0.0,0.0,0.0,0.0,0.0,0.0,0.0,0.0,0.0,0.0,387.0,0.0,0.0,0.0,0.0,0.0,0.0,0.0,0.0,0.0,0.0,0.0,0.0,0
20854,78.0,99.0,0.0,135.0,98.0,84.0,16.0,0.0,0.0,0.0,0.0,0.0,0.0,0.0,0.0,0.0,0.0,0.0,0.0,0.0,0.0,0.0,0.0,0.0,0.0,0.0,0.0,0.0,0.0,0.0,0.0,0.0,0.0,0.0,0
20854,80.0,98.0,36.5,123.0,87.0,71.0,14.0,0.0,0.0,0.0,0.0,0.0,0.0,0.0,945.0,15.0,450.0,8.5,0.0,0.86,0.0,330.5,0.0,2.0,4.3,4.0,24.4,0.0,31.5,11.2,30.4,4.4,0.0,136.0,0
20854,84.0,99.0,0.0,127.0,94.0,77.0,20.0,0.0,0.0,0.0,0.0,0.0,0.0,0.0,0.0,0.0,0.0,0.0,0.0,0.0,0.0,0.0,0.0,0.0,0.0,0.0,0.0,0.0,0.0,0.0,0.0,0.0,0.0,0.0,0
20854,79.0,99.0,0.0,140.0,102.0,84.0,12.0,0.0,0.0,0.0,0.0,0.0,0.0,0.0,0.0,0.0,0.0,0.0,0.0,0.0,0.0,262.0,0.0,0.0,0.0,0.0,0.0,0.0,0.0,0.0,0.0,0.0,0.0,0.0,0
20854,80.0,100.0,0.0,130.0,92.0,79.0,12.0,0.0,0.0,0.0,0.0,0.0,0.0,0.0,0.0,0.0,0.0,0.0,0.0,0.0,0.0,0.0,0.0,0.0,0.0,0.0,0.0,0.0,0.0,0.0,0.0,0.0,0.0,0.0,0
20854,79.0,100.0,36.7,128.0,91.0,79.0,10.0,0.0,0.0,0.0,0.0,0.0,0.0,0.0,0.0,0.0,0.0,0.0,0.0,0.0,0.0,220.0,0.0,0.0,0.0,0.0,0.0,0.0,0.0,0.0,0.0,0.0,0.0,0.0,0
20854,80.0,100.0,0.0,136.0,93.0,77.0,15.0,0.0,0.0,0.0,0.0,0.0,0.0,0.0,0.0,0.0,0.0,0.0,0.0,0.0,0.0,0.0,0.0,0.0,0.0,0.0,0.0,0.0,0.0,0.0,0.0,0.0,0.0,0.0,0
20854,77.0,100.0,0.0,119.0,88.0,72.0,12.0,0.0,0.0,0.0,0.0,0.0,0.0,0.0,0.0,0.0,0.0,0.0,0.0,0.0,0.0,217.0,0.0,0.0,0.0,0.0,0.0,0.0,0.0,0.0,0.0,0.0,0.0,0.0,0
20854,0.0,0.0,0.0,0.0,0.0,0.0,0.0,0.0,0.0,0.0,0.0,0.0,0.0,0.0,0.0,0.0,0.0,0.0,0.0,0.0,0.0,0.0,0.0,0.0,0.0,0.0,0.0,0.0,0.0,0.0,0.0,0.0,0.0,0.0,0
20854,84.5,99.5,37.0,136.0,103.0,87.0,18.5,0.0,0.0,0.0,0.0,0.0,0.0,0.0,0.0,0.0,0.0,0.0,0.0,0.0,0.0,213.0,0.0,0.0,0.0,0.0,0.0,0.0,0.0,0.0,0.0,0.0,0.0,0.0,0
20854,82.0,100.0,0.0,130.0,94.0,77.0,11.0,0.0,0.0,0.0,0.21,0.0,0.0,0.0,0.0,0.0,0.0,1.2,0.0,0.0,0.0,269.0,1.49,0.0,0.0,4.0,0.0,0.0,0.0,0.0,0.0,0.0,0.0,0.0,0
20854,76.0,99.0,0.0,133.0,93.0,75.0,10.0,0.0,0.0,0.0,0.0,0.0,0.0,0.0,0.0,0.0,0.0,0.0,0.0,0.0,0.0,0.0,0.0,0.0,0.0,0.0,0.0,0.0,0.0,0.0,0.0,0.0,0.0,0.0,0
20854,76.0,99.0,0.0,124.0,93.0,74.0,14.0,0.0,0.0,0.0,0.21,0.0,0.0,0.0,0.0,0.0,0.0,1.07,0.0,0.0,0.0,271.0,1.28,0.0,0.0,3.8,0.0,0.0,0.0,0.0,0.0,0.0,0.0,0.0,0
20854,72.0,98.5,0.0,123.0,91.0,77.0,15.0,0.0,0.0,0.0,0.0,0.0,0.0,0.0,0.0,0.0,0.0,0.0,0.0,0.0,0.0,0.0,0.0,0.0,0.0,0.0,0.0,0.0,0.0,0.0,0.0,0.0,0.0,0.0,0
20854,72.0,99.0,0.0,121.0,86.0,71.0,11.0,0.0,0.0,0.0,0.21,0.0,0.0,0.0,0.0,0.0,0.0,1.05,0.0,0.0,0.0,278.0,1.62,0.0,0.0,4.0,0.0,0.0,0.0,0.0,0.0,0.0,0.0,0.0,0
20854,70.0,98.0,0.0,129.0,91.0,73.0,10.0,0.0,0.0,0.0,0.0,0.0,0.0,0.0,0.0,0.0,0.0,0.0,0.0,0.0,0.0,0.0,0.0,0.0,0.0,0.0,0.0,0.0,0.0,0.0,0.0,0.0,0.0,0.0,0
20854,82.0,99.0,0.0,123.0,96.0,80.0,13.0,0.0,0.0,0.0,0.21,0.0,0.0,0.0,0.0,0.0,0.0,1.06,0.0,0.0,0.0,123.0,1.28,0.0,0.0,3.6,0.0,0.0,0.0,0.0,0.0,0.0,0.0,0.0,0
20854,88.0,98.0,36.6,150.0,100.0,74.0,12.0,0.0,0.0,0.0,0.0,0.0,0.0,0.0,0.0,0.0,0.0,0.0,0.0,0.0,0.0,100.0,0.0,0.0,0.0,0.0,0.0,0.0,0.0,0.0,0.0,0.0,0.0,0.0,0
20854,80.0,97.0,0.0,151.0,105.0,85.0,16.0,0.0,0.0,0.0,0.21,0.0,0.0,0.0,0.0,0.0,0.0,1.04,0.0,0.0,0.0,241.0,2.1,0.0,0.0,3.6,0.0,0.0,0.0,0.0,0.0,0.0,0.0,0.0,0
20854,82.0,98.0,0.0,147.0,105.0,86.0,14.0,0.0,0.0,0.0,0.0,0.0,0.0,0.0,0.0,0.0,0.0,0.0,0.0,0.0,0.0,0.0,0.0,0.0,0.0,0.0,0.0,0.0,0.0,0.0,0.0,0.0,0.0,0.0,0
20854,82.0,98.0,0.0,133.0,93.0,78.0,12.0,0.0,0.0,0.0,0.0,0.0,0.0,0.0,0.0,0.0,0.0,0.0,0.0,0.0,0.0,237.0,0.0,0.0,0.0,0.0,0.0,0.0,0.0,0.0,0.0,0.0,0.0,0.0,0
20854,80.0,99.0,0.0,126.0,92.0,74.0,18.0,0.0,0.0,0.0,0.0,0.0,0.0,0.0,0.0,0.0,0.0,0.0,0.0,0.0,0.0,0.0,0.0,0.0,0.0,0.0,0.0,0.0,0.0,0.0,0.0,0.0,0.0,0.0,0
20854,68.0,98.0,36.6,131.0,94.0,77.0,14.0,0.0,0.0,0.0,0.0,0.0,0.0,0.0,0.0,0.0,0.0,0.0,0.0,0.0,0.0,0.0,0.0,0.0,0.0,0.0,0.0,0.0,0.0,0.0,0.0,0.0,0.0,0.0,0
20854,74.0,98.0,0.0,128.0,87.0,70.0,12.0,0.0,0.0,0.0,0.0,0.0,0.0,0.0,968.0,7.0,461.0,8.8,0.0,0.57,0.0,233.5,0.0,1.8,3.3,3.9,22.3,0.0,30.5,11.0,35.7,4.2,0.0,121.0,0
20854,70.0,99.0,0.0,119.0,88.0,75.0,10.0,0.0,0.0,0.0,0.0,0.0,0.0,0.0,0.0,0.0,0.0,0.0,0.0,0.0,0.0,0.0,0.0,0.0,0.0,0.0,0.0,0.0,0.0,0.0,0.0,0.0,0.0,0.0,0
20854,64.0,98.0,0.0,123.0,90.0,74.0,10.0,0.0,0.0,0.0,0.0,0.0,0.0,0.0,0.0,0.0,0.0,0.0,0.0,0.0,0.0,0.0,0.0,0.0,0.0,0.0,0.0,0.0,0.0,0.0,0.0,0.0,0.0,0.0,0
20854,80.0,99.0,36.2,142.0,106.0,88.0,11.0,0.0,0.0,0.0,0.0,0.0,0.0,0.0,0.0,0.0,0.0,0.0,0.0,0.0,0.0,176.0,0.0,0.0,0.0,0.0,0.0,0.0,0.0,0.0,0.0,0.0,0.0,0.0,0
20854,66.0,98.0,0.0,127.0,92.0,78.0,8.0,0.0,0.0,0.0,0.0,0.0,0.0,0.0,0.0,0.0,0.0,0.0,0.0,0.0,0.0,0.0,0.0,0.0,0.0,0.0,0.0,0.0,0.0,0.0,0.0,0.0,0.0,0.0,0
20854,66.0,98.0,0.0,144.0,107.0,93.0,10.0,0.0,0.0,0.0,0.0,0.0,0.0,0.0,0.0,0.0,0.0,0.0,0.0,0.0,0.0,123.0,0.0,0.0,0.0,0.0,0.0,0.0,0.0,0.0,0.0,0.0,0.0,0.0,0
20854,74.0,99.0,36.4,133.0,96.0,80.0,11.0,0.0,0.0,0.0,0.0,0.0,0.0,0.0,0.0,0.0,0.0,0.0,0.0,0.0,0.0,0.0,0.0,0.0,0.0,0.0,0.0,0.0,0.0,0.0,0.0,0.0,0.0,0.0,0
20854,72.0,98.0,0.0,151.0,118.0,102.0,10.0,0.0,0.0,0.0,0.0,0.0,0.0,0.0,0.0,0.0,0.0,0.0,0.0,0.0,0.0,135.0,0.0,0.0,0.0,0.0,0.0,0.0,0.0,0.0,0.0,0.0,0.0,0.0,0
20854,76.0,99.0,0.0,125.0,94.0,79.0,10.0,0.0,0.0,0.0,0.0,0.0,0.0,0.0,0.0,0.0,0.0,0.0,0.0,0.0,0.0,0.0,0.0,0.0,0.0,0.0,0.0,0.0,0.0,0.0,0.0,0.0,0.0,0.0,0
20854,74.0,95.0,0.0,134.0,93.0,77.0,10.0,0.0,0.0,0.0,0.21,0.0,0.0,0.0,0.0,0.0,0.0,1.19,0.0,0.0,0.0,278.0,2.43,0.0,0.0,4.0,0.0,0.0,0.0,0.0,0.0,0.0,0.0,0.0,0
20854,72.0,98.0,36.2,119.0,86.0,73.0,10.0,0.0,0.0,0.0,0.21,0.0,0.0,0.0,0.0,0.0,0.0,1.04,0.0,0.0,0.0,250.0,1.84,0.0,0.0,3.8,0.0,0.0,0.0,0.0,0.0,0.0,0.0,0.0,0
