21313,0.0,0.0,0.0,0.0,0.0,0.0,0.0,0.0,0.0,0.0,0.0,0.0,0.0,0.0,0.0,0.0,0.0,0.0,0.0,0.0,0.0,0.0,0.0,0.0,0.0,0.0,0.0,0.0,0.0,0.0,0.0,0.0,0.0,0.0,0
21313,90.0,95.5,34.5,128.0,90.0,65.0,0.0,0.0,0.0,0.0,0.8,7.32,41.6,88.7,0.0,0.0,0.0,1.31,0.0,0.0,0.0,0.0,4.43,0.0,0.0,3.94,0.0,0.0,0.0,0.0,0.0,0.0,0.0,0.0,0
21313,90.0,91.0,35.5,119.0,85.0,65.0,25.0,0.0,0.0,0.0,0.0,0.0,0.0,0.0,0.0,0.0,0.0,0.0,0.0,0.0,0.0,148.0,0.0,0.0,0.0,0.0,0.0,0.0,0.0,0.0,0.0,0.0,0.0,0.0,0
21313,90.0,92.0,36.2,121.0,85.0,64.0,0.0,0.0,0.0,0.0,0.0,0.0,0.0,0.0,0.0,0.0,0.0,0.0,0.0,0.0,0.0,0.0,0.0,0.0,0.0,0.0,0.0,0.0,0.0,0.0,0.0,0.0,0.0,0.0,0
21313,90.0,95.0,35.9,120.0,85.0,65.0,12.0,0.0,0.0,0.0,0.8,7.4,34.7,93.0,0.0,0.0,0.0,1.16,0.0,0.0,0.0,154.0,4.6,0.0,0.0,3.55,0.0,0.0,0.0,0.0,0.0,0.0,0.0,0.0,0
21313,90.0,97.0,35.5,141.0,100.0,82.0,12.0,0.0,0.0,0.0,0.0,0.0,0.0,0.0,0.0,0.0,0.0,0.0,0.0,0.0,0.0,140.5,0.0,0.0,0.0,0.0,0.0,0.0,26.2,8.6,26.9,8.7,229.0,145.0,0
21313,90.0,98.0,35.2,145.0,100.0,73.0,12.0,0.0,0.0,0.0,0.0,0.0,0.0,0.0,0.0,0.0,0.0,0.0,0.0,0.0,0.0,0.0,0.0,0.0,0.0,0.0,0.0,0.0,0.0,0.0,0.0,0.0,0.0,0.0,0
21313,90.0,97.0,35.25,129.0,92.0,69.0,12.0,0.0,0.0,0.0,0.8,7.37,35.8,95.5,0.0,0.0,0.0,1.39,0.0,0.0,0.0,132.5,2.74,0.0,0.0,3.88,0.0,0.0,0.0,0.0,0.0,0.0,0.0,0.0,0
21313,90.0,97.5,35.3,137.0,97.0,72.0,12.0,0.0,0.0,0.0,0.7,7.36,35.6,95.9,0.0,0.0,0.0,1.33,0.0,0.0,0.0,0.0,1.87,0.0,0.0,4.08,0.0,0.0,0.0,0.0,0.0,0.0,0.0,0.0,0
21313,80.0,97.0,35.6,140.0,106.0,87.0,12.0,0.0,0.0,0.0,0.0,0.0,0.0,0.0,0.0,0.0,0.0,0.0,0.0,0.0,0.0,0.0,0.0,0.0,0.0,0.0,0.0,0.0,0.0,0.0,0.0,0.0,0.0,0.0,0
21313,80.0,96.5,36.15,164.5,119.5,93.0,23.5,0.0,0.0,0.0,0.6,7.43,35.3,96.6,0.0,19.0,0.0,5.4,0.0,1.57,0.0,77.0,1.6,2.2,0.0,4.57,0.0,0.0,26.2,8.7,28.2,4.9,231.0,100.0,0
21313,80.0,95.5,36.75,131.0,94.0,74.0,24.5,0.0,0.0,0.0,0.0,0.0,0.0,0.0,0.0,0.0,0.0,0.0,0.0,0.0,0.0,87.0,0.0,0.0,0.0,0.0,0.0,0.0,0.0,0.0,0.0,0.0,0.0,0.0,0
21313,80.0,95.0,36.8,132.0,94.0,75.0,21.0,0.0,0.0,0.0,0.0,0.0,0.0,0.0,0.0,0.0,0.0,0.0,0.0,0.0,0.0,105.0,0.0,0.0,0.0,0.0,0.0,0.0,0.0,0.0,0.0,0.0,0.0,0.0,0
21313,80.0,96.5,36.6,146.0,106.0,85.0,23.0,0.0,0.0,0.0,0.0,0.0,0.0,0.0,0.0,0.0,0.0,0.0,0.0,0.0,0.0,109.0,0.0,0.0,0.0,0.0,0.0,0.0,0.0,0.0,0.0,0.0,0.0,0.0,0
21313,80.0,98.0,36.7,154.0,111.0,88.0,18.0,0.0,0.0,0.0,0.5,7.43,34.9,96.2,0.0,0.0,0.0,1.26,0.0,0.0,0.0,110.0,1.41,0.0,0.0,5.03,0.0,0.0,0.0,0.0,0.0,0.0,0.0,0.0,0
21313,90.0,91.5,37.0,164.0,111.0,77.0,35.0,0.0,0.0,0.0,0.45,7.34,41.1,92.1,0.0,0.0,0.0,1.28,0.0,0.0,0.0,0.0,1.43,0.0,0.0,5.08,0.0,0.0,0.0,0.0,0.0,0.0,0.0,0.0,0
21313,90.0,93.5,36.9,152.0,103.0,74.0,31.0,0.0,0.0,0.0,0.0,0.0,0.0,0.0,0.0,0.0,0.0,0.0,0.0,0.0,0.0,124.0,0.0,0.0,0.0,0.0,0.0,0.0,0.0,0.0,0.0,0.0,0.0,0.0,0
21313,90.0,94.0,36.8,159.0,110.0,79.0,26.0,0.0,0.0,0.0,0.0,0.0,0.0,0.0,0.0,0.0,0.0,0.0,0.0,0.0,0.0,0.0,0.0,0.0,0.0,0.0,0.0,0.0,0.0,0.0,0.0,0.0,0.0,0.0,0
21313,90.0,96.0,0.0,157.0,104.0,72.0,31.0,0.0,0.0,0.0,0.0,0.0,0.0,0.0,0.0,0.0,0.0,0.0,0.0,0.0,0.0,0.0,0.0,0.0,0.0,0.0,0.0,0.0,0.0,0.0,0.0,0.0,0.0,0.0,0
21313,90.0,98.0,36.7,150.0,103.0,74.0,27.0,0.0,0.0,0.0,0.0,0.0,0.0,0.0,0.0,0.0,0.0,0.0,0.0,0.0,0.0,0.0,0.0,0.0,0.0,0.0,0.0,0.0,0.0,0.0,0.0,0.0,0.0,0.0,0
21313,90.0,95.0,36.6,145.0,98.0,72.0,27.0,0.0,0.0,0.0,0.0,0.0,0.0,0.0,0.0,0.0,0.0,0.0,0.0,0.0,0.0,0.0,0.0,0.0,0.0,0.0,0.0,0.0,0.0,0.0,0.0,0.0,0.0,0.0,0
21313,90.0,96.0,36.7,157.0,106.0,77.0,23.0,0.0,0.0,0.0,0.0,0.0,0.0,0.0,0.0,0.0,0.0,0.0,0.0,0.0,0.0,128.0,0.0,0.0,0.0,0.0,0.0,0.0,0.0,0.0,0.0,0.0,0.0,0.0,0
21313,90.0,99.0,36.6,175.0,117.0,78.0,25.0,0.0,0.0,0.0,0.0,0.0,0.0,0.0,0.0,23.0,0.0,9.3,0.0,1.98,0.0,137.0,0.0,2.2,0.0,4.5,0.0,0.0,0.0,0.0,0.0,0.0,0.0,0.0,0
21313,90.0,97.0,36.5,156.0,104.0,73.0,24.0,0.0,0.0,0.0,0.0,0.0,0.0,0.0,0.0,0.0,0.0,0.0,0.0,0.0,0.0,111.0,0.0,0.0,0.0,0.0,0.0,0.0,0.0,0.0,0.0,0.0,0.0,0.0,0
21313,90.0,95.0,36.3,154.0,104.0,72.0,21.0,0.0,0.0,0.0,0.0,0.0,0.0,0.0,0.0,0.0,0.0,0.0,0.0,0.0,0.0,0.0,0.0,0.0,0.0,0.0,0.0,0.0,0.0,0.0,0.0,0.0,0.0,0.0,0
21313,81.0,97.0,36.4,150.0,99.0,70.0,28.0,0.0,0.0,0.0,0.0,0.0,0.0,0.0,0.0,0.0,0.0,0.0,0.0,0.0,0.0,0.0,0.0,0.0,0.0,0.0,0.0,0.0,0.0,0.0,0.0,0.0,0.0,0.0,0
21313,85.0,97.0,36.5,161.0,107.0,75.0,30.0,0.0,0.0,0.0,0.0,0.0,0.0,0.0,0.0,0.0,0.0,0.0,0.0,0.0,0.0,0.0,0.0,0.0,0.0,0.0,0.0,0.0,0.0,0.0,0.0,0.0,0.0,0.0,0
21313,88.0,98.0,36.6,171.0,109.0,75.0,29.0,0.0,0.0,0.0,0.0,0.0,0.0,0.0,0.0,0.0,0.0,0.0,0.0,0.0,0.0,0.0,0.0,0.0,0.0,0.0,0.0,0.0,0.0,0.0,0.0,0.0,0.0,0.0,0
21313,87.0,98.0,36.6,173.0,113.0,78.0,30.0,0.0,0.0,0.0,0.0,0.0,0.0,0.0,0.0,0.0,0.0,0.0,0.0,0.0,0.0,0.0,0.0,0.0,0.0,0.0,0.0,0.0,0.0,0.0,0.0,0.0,0.0,0.0,0
21313,85.0,98.5,36.7,172.0,114.0,80.0,30.5,0.0,0.0,0.0,0.0,0.0,0.0,0.0,0.0,0.0,0.0,0.0,0.0,0.0,0.0,0.0,0.0,0.0,0.0,0.0,0.0,0.0,0.0,0.0,0.0,0.0,0.0,0.0,0
21313,86.0,98.0,36.6,174.0,116.0,82.0,32.0,0.0,0.0,0.0,0.0,0.0,0.0,0.0,0.0,0.0,0.0,0.0,0.0,0.0,0.0,0.0,0.0,0.0,0.0,0.0,0.0,0.0,0.0,0.0,0.0,0.0,0.0,0.0,0
21313,89.0,96.0,36.5,171.0,115.0,81.0,29.0,0.0,0.0,0.0,0.0,0.0,0.0,0.0,0.0,0.0,0.0,0.0,0.0,0.0,0.0,108.0,0.0,0.0,0.0,0.0,0.0,0.0,0.0,0.0,0.0,0.0,0.0,0.0,0
21313,80.0,96.0,36.4,156.0,104.0,75.0,27.0,0.0,0.0,0.0,0.0,0.0,0.0,0.0,0.0,0.0,0.0,0.0,0.0,0.0,0.0,0.0,0.0,0.0,0.0,0.0,0.0,0.0,0.0,0.0,0.0,0.0,0.0,0.0,0
21313,84.5,98.5,36.4,180.0,123.0,87.0,27.0,0.0,0.0,0.0,0.0,0.0,0.0,0.0,0.0,0.0,0.0,0.0,0.0,0.0,0.0,0.0,0.0,0.0,0.0,0.0,0.0,0.0,0.0,0.0,0.0,0.0,0.0,0.0,0
21313,85.0,100.0,36.4,175.0,122.0,87.0,29.0,0.0,0.0,0.0,0.0,0.0,0.0,0.0,0.0,0.0,0.0,0.0,0.0,0.0,0.0,0.0,0.0,0.0,0.0,0.0,0.0,0.0,0.0,0.0,0.0,0.0,0.0,0.0,0
21313,88.0,97.0,36.3,184.5,124.0,85.0,28.0,0.0,0.0,0.0,0.0,0.0,0.0,0.0,0.0,27.0,0.0,9.3,0.0,1.94,0.0,137.0,0.0,2.2,0.0,4.4,0.0,0.0,24.4,8.0,0.0,9.4,0.0,93.0,0
21313,92.5,97.5,36.3,188.5,128.5,88.0,30.0,0.0,0.0,0.0,0.0,0.0,0.0,0.0,0.0,0.0,0.0,0.0,0.0,0.0,0.0,124.0,0.0,0.0,0.0,0.0,0.0,0.0,0.0,0.0,0.0,0.0,0.0,0.0,0
21313,101.0,95.0,36.3,206.0,139.0,95.0,29.0,0.0,0.0,0.0,0.0,0.0,0.0,0.0,0.0,0.0,0.0,0.0,0.0,0.0,0.0,0.0,0.0,0.0,0.0,0.0,0.0,0.0,0.0,0.0,0.0,0.0,0.0,0.0,0
21313,96.5,96.0,36.4,189.5,127.0,88.0,35.0,0.0,0.0,0.0,0.0,0.0,0.0,0.0,0.0,0.0,0.0,0.0,0.0,0.0,0.0,0.0,0.0,0.0,0.0,0.0,0.0,0.0,0.0,0.0,0.0,0.0,0.0,0.0,0
21313,150.0,87.0,36.5,162.0,110.0,81.0,0.0,0.0,0.0,0.0,0.0,0.0,0.0,0.0,0.0,0.0,0.0,0.0,0.0,0.0,0.0,0.0,0.0,0.0,0.0,0.0,0.0,0.0,0.0,0.0,0.0,0.0,0.0,0.0,0
21313,143.0,100.0,36.75,131.0,89.0,71.0,36.5,0.0,0.0,0.0,1.0,7.38,44.0,90.8,0.0,0.0,0.0,1.2,0.0,0.0,0.0,159.0,1.78,0.0,0.0,4.17,0.0,0.0,0.0,0.0,0.0,0.0,0.0,0.0,0
21313,140.0,99.0,0.0,194.0,134.0,104.0,34.0,0.0,0.0,0.0,0.0,0.0,0.0,0.0,0.0,0.0,0.0,0.0,0.0,0.0,0.0,0.0,0.0,0.0,0.0,0.0,0.0,0.0,0.0,0.0,0.0,0.0,0.0,0.0,0
21313,143.0,99.0,36.5,159.0,106.0,83.0,36.0,0.0,0.0,0.0,0.7,7.42,41.0,96.9,0.0,0.0,0.0,1.19,0.0,0.0,0.0,0.0,1.69,0.0,0.0,4.3,0.0,0.0,0.0,0.0,0.0,0.0,0.0,0.0,0
21313,131.0,97.0,0.0,154.0,104.0,83.0,29.0,0.0,0.0,0.0,0.0,0.0,0.0,0.0,0.0,0.0,0.0,0.0,0.0,0.0,0.0,0.0,0.0,0.0,0.0,0.0,0.0,0.0,0.0,0.0,0.0,0.0,0.0,0.0,0
21313,113.5,99.5,0.0,148.0,97.5,75.5,0.0,0.0,0.0,0.0,0.0,0.0,0.0,0.0,0.0,31.0,0.0,9.2,0.0,1.91,0.0,142.0,0.0,2.2,0.0,4.3,0.0,0.0,0.0,0.0,0.0,0.0,0.0,0.0,0
21313,102.0,100.0,37.1,155.0,103.0,79.0,28.0,0.0,0.0,0.0,0.0,0.0,0.0,0.0,0.0,0.0,0.0,0.0,0.0,0.0,0.0,0.0,0.0,0.0,0.0,0.0,0.0,0.0,0.0,0.0,0.0,0.0,0.0,0.0,0
21313,103.0,100.0,0.0,158.0,104.0,80.0,36.0,0.0,0.0,0.0,0.0,0.0,0.0,0.0,0.0,0.0,0.0,0.0,0.0,0.0,0.0,0.0,0.0,0.0,0.0,0.0,0.0,0.0,0.0,0.0,0.0,0.0,0.0,0.0,0
21313,130.0,98.0,0.0,170.0,117.0,92.0,36.0,0.0,0.0,0.0,0.0,0.0,0.0,0.0,0.0,0.0,0.0,0.0,0.0,0.0,0.0,0.0,0.0,0.0,0.0,0.0,0.0,0.0,0.0,0.0,0.0,0.0,0.0,0.0,0
21313,121.0,96.0,0.0,164.0,109.0,85.0,31.0,0.0,0.0,0.0,0.0,0.0,0.0,0.0,0.0,0.0,0.0,0.0,0.0,0.0,0.0,0.0,0.0,0.0,0.0,0.0,0.0,0.0,0.0,0.0,0.0,0.0,0.0,0.0,0
21313,105.0,96.0,0.0,160.0,102.0,78.0,29.0,0.0,0.0,0.0,0.0,0.0,0.0,0.0,0.0,0.0,0.0,0.0,0.0,0.0,0.0,0.0,0.0,0.0,0.0,0.0,0.0,0.0,0.0,0.0,0.0,0.0,0.0,0.0,0
21313,114.0,97.0,36.7,163.0,112.0,88.0,30.0,0.0,0.0,0.0,0.0,0.0,0.0,0.0,0.0,0.0,0.0,0.0,0.0,0.0,0.0,0.0,0.0,0.0,0.0,0.0,0.0,0.0,0.0,0.0,0.0,0.0,0.0,0.0,0
21313,102.0,98.5,0.0,157.0,100.0,75.0,22.0,0.0,0.0,0.0,0.0,0.0,0.0,0.0,0.0,35.0,0.0,9.0,0.0,1.84,0.0,155.0,0.0,2.2,0.0,4.0,0.0,0.0,0.0,0.0,0.0,0.0,0.0,0.0,0
21313,92.0,99.0,0.0,163.0,104.0,76.0,18.0,0.0,0.0,0.0,0.0,0.0,0.0,0.0,0.0,0.0,0.0,0.0,0.0,0.0,0.0,0.0,0.0,0.0,0.0,0.0,0.0,0.0,0.0,0.0,0.0,0.0,0.0,0.0,0
21313,112.0,96.0,36.9,160.0,110.0,86.0,32.0,0.0,0.0,0.0,0.0,0.0,0.0,0.0,0.0,0.0,0.0,0.0,0.0,0.0,0.0,0.0,0.0,0.0,0.0,0.0,0.0,0.0,0.0,0.0,0.0,0.0,0.0,0.0,0
21313,103.0,96.0,0.0,161.0,106.0,80.0,33.0,0.0,0.0,0.0,0.0,0.0,0.0,0.0,0.0,0.0,0.0,0.0,0.0,0.0,0.0,0.0,0.0,0.0,0.0,0.0,0.0,0.0,0.0,0.0,0.0,0.0,0.0,0.0,0
21313,103.0,93.5,0.0,170.5,113.5,86.0,23.5,0.0,0.0,0.0,0.0,0.0,0.0,0.0,0.0,0.0,0.0,0.0,0.0,0.0,0.0,136.0,0.0,0.0,0.0,0.0,0.0,0.0,0.0,0.0,0.0,0.0,0.0,0.0,0
