2343,0.0,0.0,0.0,0.0,0.0,0.0,0.0,0.0,0.0,0.0,0.0,0.0,0.0,0.0,0.0,0.0,0.0,0.0,0.0,0.0,0.0,0.0,0.0,0.0,0.0,0.0,0.0,0.0,0.0,0.0,0.0,0.0,0.0,0.0,0
2343,117.0,96.0,0.0,169.5,102.0,83.0,25.0,0.0,-3.0,20.0,0.0,7.34,41.0,0.0,0.0,13.0,0.0,0.0,110.0,0.0,0.0,0.0,3.2,1.8,0.0,3.9,0.0,0.0,32.7,11.8,0.0,18.5,0.0,0.0,0
2343,121.0,99.0,0.0,137.0,92.0,73.0,24.0,0.0,-3.0,0.0,0.0,7.34,0.0,0.0,0.0,0.0,0.0,0.0,0.0,0.0,0.0,0.0,3.2,0.0,0.0,0.0,0.0,0.0,0.0,0.0,0.0,0.0,0.0,0.0,0
2343,109.0,98.0,37.94,162.0,100.0,76.0,20.0,0.0,0.0,0.0,0.0,0.0,0.0,0.0,0.0,0.0,0.0,0.0,0.0,0.0,0.0,0.0,0.0,0.0,0.0,0.0,0.0,0.0,0.0,0.0,0.0,0.0,0.0,0.0,0
2343,119.0,95.0,0.0,156.0,102.0,79.0,19.0,0.0,0.0,0.0,0.0,0.0,0.0,0.0,0.0,0.0,0.0,0.0,0.0,0.0,0.0,0.0,0.0,0.0,0.0,0.0,0.0,0.0,32.8,0.0,0.0,0.0,0.0,0.0,0
2343,127.0,94.0,38.44,135.0,93.0,75.0,20.0,0.0,0.0,0.0,0.0,0.0,0.0,0.0,0.0,0.0,0.0,0.0,0.0,0.0,0.0,0.0,0.0,0.0,0.0,0.0,0.0,0.0,32.8,0.0,0.0,0.0,0.0,0.0,0
2343,123.0,95.0,0.0,128.0,98.0,82.0,18.0,0.0,0.0,0.0,0.0,0.0,0.0,0.0,0.0,0.0,0.0,0.0,0.0,0.0,0.0,0.0,0.0,0.0,0.0,0.0,0.0,0.0,0.0,0.0,0.0,0.0,0.0,0.0,0
2343,116.0,96.0,38.0,133.0,89.0,71.0,20.0,0.0,0.0,0.0,0.0,0.0,0.0,0.0,0.0,0.0,0.0,0.0,0.0,0.0,0.0,0.0,0.0,0.0,0.0,0.0,0.0,0.0,0.0,0.0,0.0,0.0,0.0,0.0,0
2343,116.0,97.0,0.0,150.0,99.0,77.0,25.0,0.0,0.0,0.0,0.0,0.0,0.0,0.0,0.0,0.0,0.0,0.0,0.0,0.0,0.0,0.0,0.0,0.0,0.0,0.0,0.0,0.0,0.0,0.0,0.0,0.0,0.0,0.0,0
2343,123.0,97.0,38.06,148.0,100.0,79.0,29.0,0.0,0.0,0.0,0.0,0.0,0.0,0.0,0.0,0.0,0.0,0.0,0.0,0.0,0.0,0.0,0.0,0.0,0.0,0.0,0.0,0.0,33.1,0.0,0.0,0.0,0.0,0.0,0
2343,115.0,97.0,0.0,168.0,119.0,94.0,21.0,0.0,0.0,0.0,0.0,0.0,0.0,0.0,0.0,0.0,0.0,0.0,0.0,0.0,0.0,0.0,0.0,0.0,0.0,0.0,0.0,0.0,33.1,0.0,0.0,0.0,0.0,0.0,0
2343,117.0,96.0,37.83,135.0,91.0,70.0,16.0,0.0,0.0,0.0,0.0,0.0,0.0,0.0,0.0,0.0,0.0,0.0,0.0,0.0,0.0,0.0,0.0,0.0,0.0,0.0,0.0,0.0,0.0,0.0,0.0,0.0,0.0,0.0,0
2343,116.0,96.0,0.0,143.0,99.0,78.0,18.0,0.0,0.0,0.0,0.0,0.0,0.0,0.0,0.0,0.0,0.0,0.0,0.0,0.0,0.0,0.0,0.0,0.0,0.0,0.0,0.0,0.0,32.8,0.0,0.0,0.0,0.0,0.0,0
2343,107.0,98.0,38.22,163.0,106.0,82.0,15.0,0.0,0.0,0.0,0.0,0.0,0.0,0.0,0.0,0.0,0.0,0.0,0.0,0.0,0.0,0.0,0.0,0.0,0.0,0.0,0.0,0.0,32.8,0.0,0.0,0.0,0.0,0.0,0
2343,118.0,96.0,0.0,146.0,96.0,72.0,22.0,0.0,0.0,0.0,0.0,0.0,0.0,0.0,0.0,0.0,0.0,0.0,0.0,0.0,0.0,0.0,0.0,0.0,0.0,0.0,0.0,0.0,0.0,0.0,0.0,0.0,0.0,0.0,0
2343,117.0,96.0,38.44,123.0,102.0,86.0,24.0,0.0,0.0,0.0,0.0,0.0,0.0,0.0,0.0,0.0,0.0,0.0,0.0,0.0,0.0,0.0,0.0,0.0,0.0,0.0,0.0,0.0,0.0,0.0,0.0,0.0,0.0,0.0,0
2343,117.0,97.0,0.0,122.0,99.0,83.0,20.0,0.0,0.0,0.0,0.0,0.0,0.0,0.0,0.0,0.0,0.0,0.0,0.0,0.0,0.0,0.0,0.0,0.0,0.0,0.0,0.0,0.0,31.3,0.0,0.0,0.0,0.0,0.0,0
2343,120.0,95.0,39.28,133.0,91.0,69.0,22.0,0.0,0.0,0.0,0.0,0.0,0.0,0.0,0.0,0.0,0.0,0.0,0.0,0.0,0.0,0.0,0.0,0.0,0.0,0.0,0.0,0.0,31.3,0.0,0.0,0.0,0.0,0.0,0
2343,128.0,97.0,39.0,119.0,97.0,83.0,26.0,0.0,0.0,0.0,0.0,7.46,34.0,0.0,0.0,0.0,0.0,0.0,0.0,0.0,0.0,0.0,0.6,0.0,0.0,0.0,0.0,0.0,0.0,0.0,0.0,0.0,0.0,0.0,0
2343,114.0,98.0,39.22,130.0,94.0,74.0,21.0,0.0,0.0,0.0,0.0,7.46,0.0,0.0,0.0,0.0,0.0,0.0,0.0,0.0,0.0,0.0,0.6,0.0,0.0,0.0,0.0,0.0,0.0,0.0,0.0,0.0,0.0,0.0,0
2343,0.0,0.0,0.0,0.0,0.0,0.0,0.0,0.0,3.0,0.0,0.6,7.42,43.0,0.0,0.0,0.0,0.0,0.0,0.0,0.0,0.0,127.0,0.9,0.0,0.0,0.0,0.0,0.0,31.0,10.3,0.0,0.0,0.0,0.0,0
2343,0.0,0.0,0.0,0.0,0.0,0.0,0.0,0.0,3.0,0.0,0.0,7.42,0.0,0.0,0.0,0.0,0.0,0.0,0.0,0.0,0.0,0.0,0.9,0.0,0.0,0.0,0.0,0.0,0.0,0.0,0.0,0.0,0.0,0.0,0
2343,71.5,99.0,37.11,124.0,77.0,54.0,12.0,0.0,0.0,24.0,0.0,7.35,48.0,0.0,0.0,12.0,0.0,7.5,107.0,0.8,0.0,154.0,0.0,1.6,3.5,4.2,0.0,0.0,30.2,10.0,0.0,12.4,0.0,214.0,0
2343,96.0,96.0,37.44,131.0,87.0,66.0,19.0,0.0,0.0,24.0,0.0,7.35,0.0,0.0,0.0,12.0,0.0,0.0,107.0,0.0,0.0,0.0,0.0,1.6,0.0,4.2,0.0,0.0,30.2,10.0,0.0,12.4,0.0,0.0,0
2343,107.0,95.0,0.0,111.0,79.0,63.0,20.0,0.0,0.0,0.0,0.0,0.0,0.0,0.0,0.0,0.0,0.0,0.0,0.0,0.0,0.0,0.0,0.0,0.0,0.0,0.0,0.0,0.0,0.0,0.0,0.0,0.0,0.0,0.0,0
2343,93.0,95.0,37.44,121.0,85.0,67.0,17.0,0.0,0.0,0.0,0.0,0.0,0.0,0.0,0.0,0.0,0.0,0.0,0.0,0.0,0.0,0.0,0.0,0.0,0.0,0.0,0.0,0.0,0.0,0.0,0.0,0.0,0.0,0.0,0
2343,88.0,94.0,0.0,119.0,92.0,71.0,16.0,0.0,0.0,0.0,0.0,0.0,0.0,0.0,0.0,0.0,0.0,0.0,0.0,0.0,0.0,0.0,0.0,0.0,0.0,0.0,0.0,0.0,0.0,0.0,0.0,0.0,0.0,0.0,0
2343,87.0,96.0,37.5,142.0,98.0,78.0,18.0,0.0,0.0,0.0,0.0,0.0,0.0,0.0,0.0,0.0,0.0,0.0,0.0,0.0,0.0,0.0,0.0,0.0,0.0,0.0,0.0,0.0,0.0,0.0,0.0,0.0,0.0,0.0,0
2343,90.0,94.0,0.0,138.0,103.0,84.0,0.0,0.0,0.0,0.0,0.0,0.0,0.0,0.0,0.0,0.0,0.0,0.0,0.0,0.0,0.0,0.0,0.0,0.0,0.0,0.0,0.0,0.0,0.0,0.0,0.0,0.0,0.0,0.0,0
2343,87.0,95.0,37.89,148.0,102.0,80.0,21.0,0.0,0.0,0.0,0.0,0.0,0.0,0.0,0.0,0.0,0.0,0.0,0.0,0.0,0.0,0.0,0.0,0.0,0.0,0.0,0.0,0.0,0.0,0.0,0.0,0.0,0.0,0.0,0
2343,97.0,96.0,0.0,162.0,119.0,97.0,20.0,0.0,0.0,0.0,0.0,0.0,0.0,0.0,0.0,0.0,0.0,0.0,0.0,0.0,0.0,0.0,0.0,0.0,0.0,0.0,0.0,0.0,0.0,0.0,0.0,0.0,0.0,0.0,0
2343,87.0,96.0,38.44,0.0,88.5,0.0,21.0,0.0,0.0,0.0,0.0,0.0,0.0,0.0,0.0,0.0,0.0,0.0,0.0,0.0,0.0,0.0,0.0,0.0,0.0,0.0,0.0,0.0,0.0,0.0,0.0,0.0,0.0,0.0,0
2343,92.0,96.0,0.0,0.0,83.0,0.0,13.0,0.0,0.0,0.0,0.0,0.0,0.0,0.0,0.0,0.0,0.0,0.0,0.0,0.0,0.0,0.0,0.0,0.0,0.0,0.0,0.0,0.0,0.0,0.0,0.0,0.0,0.0,0.0,0
2343,93.0,95.0,37.33,0.0,85.0,0.0,12.0,0.0,0.0,0.0,0.0,0.0,0.0,0.0,0.0,0.0,0.0,0.0,0.0,0.0,0.0,0.0,0.0,0.0,0.0,0.0,0.0,0.0,0.0,0.0,0.0,0.0,0.0,0.0,0
2343,99.0,95.0,0.0,0.0,81.0,0.0,13.0,0.0,0.0,0.0,0.0,0.0,0.0,0.0,0.0,0.0,0.0,0.0,0.0,0.0,0.0,0.0,0.0,0.0,0.0,0.0,0.0,0.0,0.0,0.0,0.0,0.0,0.0,0.0,0
2343,89.0,95.0,37.22,0.0,81.0,0.0,15.0,0.0,0.0,0.0,0.0,0.0,0.0,0.0,0.0,0.0,0.0,0.0,0.0,0.0,0.0,0.0,0.0,0.0,0.0,0.0,0.0,0.0,0.0,0.0,0.0,0.0,0.0,0.0,0
2343,112.0,96.0,0.0,0.0,0.0,0.0,24.0,0.0,0.0,0.0,0.0,0.0,0.0,0.0,0.0,0.0,0.0,0.0,0.0,0.0,0.0,0.0,0.0,0.0,0.0,0.0,0.0,0.0,0.0,0.0,0.0,0.0,0.0,0.0,0
2343,99.0,0.0,37.33,0.0,0.0,0.0,0.0,0.0,0.0,0.0,0.0,0.0,0.0,0.0,0.0,0.0,0.0,0.0,0.0,0.0,0.0,0.0,0.0,0.0,0.0,0.0,0.0,0.0,0.0,0.0,0.0,0.0,0.0,0.0,0
