26241,0.0,0.0,0.0,0.0,0.0,0.0,0.0,0.0,0.0,0.0,0.0,0.0,0.0,0.0,0.0,0.0,0.0,0.0,0.0,0.0,0.0,0.0,0.0,0.0,0.0,0.0,0.0,0.0,0.0,0.0,0.0,0.0,0.0,0.0,0
26241,92.0,100.0,0.0,109.0,76.0,59.0,18.0,26.5,0.0,0.0,0.0,0.0,0.0,0.0,1430.0,9.0,36.0,15.6,0.0,0.78,0.0,67.0,0.0,0.0,0.0,3.8,2.8,0.0,25.8,9.1,31.8,1.6,266.0,108.0,0
26241,92.0,100.0,36.9,113.0,89.0,62.0,18.0,24.5,0.0,0.0,0.5,7.62,31.0,99.1,0.0,0.0,0.0,0.0,0.0,0.0,0.0,0.0,0.0,0.0,0.0,0.0,0.0,0.0,0.0,0.0,0.0,0.0,0.0,0.0,0
26241,88.0,100.0,0.0,108.0,74.0,58.0,18.0,30.0,0.0,0.0,0.4,7.57,36.0,98.8,0.0,0.0,0.0,2.05,0.0,0.0,0.0,165.0,1.76,0.0,0.0,3.6,0.0,0.0,0.0,0.0,0.0,0.0,0.0,0.0,0
26241,82.0,100.0,36.8,121.0,81.0,62.0,18.0,32.0,0.0,0.0,0.0,0.0,0.0,0.0,0.0,0.0,0.0,0.0,0.0,0.0,0.0,0.0,0.0,0.0,0.0,0.0,0.0,0.0,0.0,0.0,0.0,0.0,0.0,0.0,0
26241,84.0,100.0,0.0,124.0,86.0,66.0,11.0,36.0,0.0,0.0,0.0,0.0,0.0,0.0,0.0,0.0,0.0,0.0,0.0,0.0,0.0,0.0,0.0,0.0,0.0,0.0,0.0,0.0,0.0,0.0,0.0,0.0,0.0,0.0,0
26241,66.0,100.0,36.4,128.0,88.0,68.0,11.0,37.0,0.0,0.0,0.0,0.0,0.0,0.0,590.0,10.0,36.0,14.2,0.0,0.78,0.0,220.5,0.0,1.6,6.3,3.7,3.3,0.0,26.6,9.4,0.0,4.0,241.0,91.0,0
26241,64.0,100.0,36.5,116.0,80.0,62.0,11.5,37.5,0.0,0.0,0.4,7.47,46.0,98.6,0.0,0.0,0.0,2.03,0.0,0.0,0.0,203.0,2.32,0.0,0.0,3.6,0.0,0.0,0.0,0.0,0.0,0.0,0.0,0.0,0
26241,60.0,100.0,35.8,106.0,88.0,74.0,12.0,37.0,0.0,0.0,0.0,0.0,0.0,0.0,0.0,0.0,0.0,0.0,0.0,0.0,0.0,212.0,0.0,0.0,0.0,0.0,0.0,0.0,0.0,0.0,0.0,0.0,0.0,0.0,0
26241,58.0,99.5,0.0,108.0,73.0,57.0,12.0,37.0,0.0,0.0,0.0,0.0,0.0,0.0,0.0,0.0,0.0,0.0,0.0,0.0,0.0,185.0,0.0,0.0,0.0,0.0,0.0,0.0,0.0,0.0,0.0,0.0,0.0,0.0,1
26241,56.0,100.0,36.1,110.0,82.0,64.0,0.0,36.0,0.0,0.0,0.0,0.0,0.0,0.0,0.0,0.0,0.0,0.0,0.0,0.0,0.0,176.0,0.0,0.0,0.0,0.0,0.0,0.0,0.0,0.0,0.0,0.0,0.0,0.0,1
26241,56.0,100.0,36.1,106.0,76.0,61.0,12.5,38.0,0.0,0.0,0.0,0.0,0.0,0.0,0.0,0.0,0.0,0.0,0.0,0.0,0.0,160.0,0.0,0.0,0.0,0.0,0.0,0.0,0.0,0.0,0.0,0.0,0.0,0.0,1
26241,54.0,100.0,0.0,101.0,73.0,58.0,0.0,34.0,0.0,0.0,0.5,7.46,48.0,96.9,332.0,12.0,36.0,7.57,0.0,0.77,0.0,137.0,1.55,2.9,6.1,3.9,2.6,0.0,26.7,9.0,0.0,5.7,0.0,97.0,1
26241,48.0,100.0,36.1,117.0,83.0,63.0,13.0,34.0,0.0,0.0,0.0,0.0,0.0,0.0,0.0,0.0,0.0,0.0,0.0,0.0,0.0,160.0,0.0,0.0,0.0,0.0,0.0,0.0,0.0,0.0,0.0,0.0,0.0,0.0,1
26241,48.0,100.0,0.0,110.0,76.0,58.0,0.0,33.0,0.0,0.0,0.0,0.0,0.0,0.0,0.0,0.0,0.0,0.0,0.0,0.0,0.0,0.0,0.0,0.0,0.0,0.0,0.0,0.0,0.0,0.0,0.0,0.0,0.0,0.0,1
26241,50.0,100.0,36.2,108.0,74.0,54.0,12.0,34.0,0.0,0.0,0.0,0.0,0.0,0.0,0.0,0.0,0.0,0.0,0.0,0.0,0.0,135.5,0.0,0.0,0.0,0.0,0.0,0.0,0.0,0.0,0.0,0.0,0.0,0.0,1
26241,52.0,100.0,36.2,104.0,70.0,52.0,12.0,33.0,0.0,0.0,0.0,0.0,0.0,0.0,0.0,0.0,0.0,0.0,0.0,0.0,0.0,0.0,0.0,0.0,0.0,0.0,0.0,0.0,0.0,0.0,0.0,0.0,0.0,0.0,1
26241,50.0,100.0,0.0,114.0,76.0,56.0,12.0,33.0,0.0,0.0,0.0,0.0,0.0,0.0,0.0,0.0,0.0,0.0,0.0,0.0,0.0,149.0,0.0,0.0,0.0,0.0,0.0,0.0,0.0,0.0,0.0,0.0,0.0,0.0,1
26241,79.0,100.0,36.8,137.0,91.0,70.0,10.0,38.5,0.0,0.0,0.0,0.0,0.0,0.0,0.0,0.0,0.0,0.0,0.0,0.0,0.0,0.0,0.0,0.0,0.0,0.0,0.0,0.0,0.0,0.0,0.0,0.0,0.0,0.0,1
