27186,0.0,0.0,0.0,0.0,0.0,0.0,0.0,0.0,0.0,0.0,0.0,0.0,0.0,0.0,0.0,0.0,0.0,0.0,0.0,0.0,0.0,0.0,0.0,0.0,0.0,0.0,0.0,0.0,0.0,0.0,0.0,0.0,0.0,0.0,0
27186,142.0,93.0,37.9,100.0,78.0,66.0,0.0,0.0,0.0,0.0,0.0,0.0,0.0,0.0,0.0,0.0,0.0,0.0,0.0,0.0,0.0,0.0,0.0,0.0,0.0,0.0,0.0,0.0,0.0,0.0,229.8,0.0,0.0,0.0,0
27186,132.0,0.0,37.2,50.0,50.0,48.0,0.0,0.0,0.0,0.0,0.85,7.33,34.0,92.0,0.0,0.0,0.0,1.08,0.0,0.0,0.0,227.0,12.34,0.0,0.0,3.1,0.0,0.0,0.0,0.0,0.0,0.0,0.0,0.0,0
27186,122.0,88.0,0.0,66.0,64.0,62.0,0.0,0.0,0.0,0.0,0.0,0.0,0.0,0.0,0.0,25.0,0.0,7.9,0.0,3.66,0.0,227.0,0.0,2.0,6.1,3.8,0.0,0.0,25.1,8.2,219.3,14.4,189.0,108.0,0
27186,120.0,87.0,36.6,70.0,70.0,68.0,0.0,0.0,0.0,0.0,0.4,7.32,30.0,99.3,0.0,0.0,0.0,1.02,0.0,0.0,0.0,229.0,13.82,0.0,0.0,4.1,0.0,0.0,0.0,0.0,0.0,0.0,0.0,0.0,0
27186,117.0,83.0,36.45,75.0,74.0,72.0,0.0,0.0,0.0,0.0,0.0,0.0,0.0,0.0,0.0,0.0,0.0,0.0,0.0,0.0,0.0,0.0,0.0,0.0,0.0,0.0,0.0,0.0,0.0,0.0,0.0,0.0,0.0,0.0,0
27186,111.0,0.0,36.05,66.0,65.0,63.0,0.0,0.0,0.0,0.0,0.0,0.0,0.0,0.0,0.0,0.0,0.0,0.0,0.0,0.0,0.0,0.0,0.0,0.0,0.0,0.0,0.0,0.0,0.0,0.0,0.0,0.0,0.0,0.0,0
27186,112.0,0.0,36.15,67.5,66.0,65.5,0.0,0.0,0.0,0.0,0.0,0.0,0.0,0.0,0.0,0.0,0.0,0.0,0.0,0.0,0.0,0.0,0.0,0.0,0.0,0.0,0.0,0.0,0.0,0.0,0.0,0.0,0.0,0.0,0
27186,108.0,0.0,35.8,64.0,62.0,60.0,0.0,0.0,0.0,0.0,0.4,7.27,34.0,97.0,0.0,0.0,0.0,1.07,0.0,0.0,0.0,207.0,13.24,0.0,0.0,5.5,0.0,0.0,0.0,0.0,0.0,0.0,0.0,0.0,0
27186,116.0,0.0,36.1,70.0,68.0,64.0,0.0,0.0,0.0,0.0,0.0,0.0,0.0,0.0,0.0,0.0,0.0,0.0,0.0,0.0,0.0,0.0,0.0,0.0,0.0,0.0,0.0,0.0,0.0,0.0,0.0,0.0,0.0,0.0,0
27186,120.0,0.0,36.6,74.0,72.0,72.0,0.0,0.0,0.0,0.0,0.4,7.34,30.0,95.4,1869.0,31.0,52.0,5.0,0.0,4.26,0.0,188.25,12.59,1.7,0.0,4.65,1.5,0.0,28.0,9.0,0.0,10.3,0.0,114.0,0
27186,122.0,0.0,37.0,60.0,58.0,54.0,10.0,0.0,0.0,0.0,0.0,0.0,0.0,0.0,0.0,0.0,0.0,0.0,0.0,0.0,0.0,189.0,0.0,0.0,0.0,0.0,0.0,0.0,0.0,0.0,0.0,0.0,0.0,0.0,0
27186,124.0,0.0,37.15,64.0,62.0,59.0,10.0,0.0,0.0,0.0,0.0,0.0,0.0,0.0,0.0,0.0,0.0,0.0,0.0,0.0,0.0,0.0,0.0,0.0,0.0,0.0,0.0,0.0,0.0,0.0,0.0,0.0,0.0,0.0,0
27186,124.0,0.0,37.0,72.0,70.0,68.0,0.0,0.0,0.0,0.0,0.0,0.0,0.0,0.0,0.0,0.0,0.0,0.0,0.0,0.0,0.0,128.0,0.0,0.0,0.0,0.0,0.0,0.0,0.0,0.0,0.0,0.0,0.0,0.0,0
27186,114.0,0.0,37.0,64.0,62.0,60.0,10.0,0.0,0.0,0.0,0.4,7.42,37.0,99.8,0.0,0.0,0.0,1.1,0.0,0.0,0.0,116.0,6.64,0.0,0.0,4.1,0.0,0.0,0.0,0.0,0.0,0.0,0.0,0.0,0
27186,116.0,0.0,36.8,74.0,70.0,66.0,0.0,0.0,0.0,0.0,0.0,0.0,0.0,0.0,0.0,0.0,0.0,0.0,0.0,0.0,0.0,0.0,0.0,0.0,0.0,0.0,0.0,0.0,0.0,0.0,0.0,0.0,0.0,0.0,0
27186,116.0,0.0,36.6,92.0,88.0,82.0,10.0,0.0,0.0,0.0,0.4,7.37,43.0,99.8,0.0,0.0,0.0,1.03,0.0,0.0,0.0,113.0,6.26,0.0,0.0,4.9,0.0,0.0,0.0,0.0,0.0,0.0,0.0,0.0,0
27186,108.0,0.0,36.4,84.0,80.0,74.0,10.0,0.0,0.0,0.0,0.0,0.0,0.0,0.0,0.0,0.0,0.0,0.0,0.0,0.0,0.0,0.0,0.0,0.0,0.0,0.0,0.0,0.0,0.0,0.0,59.1,0.0,270.0,0.0,0
27186,106.0,0.0,36.2,88.0,82.0,76.0,10.0,0.0,0.0,0.0,0.0,0.0,0.0,0.0,0.0,0.0,0.0,0.0,0.0,0.0,0.0,0.0,0.0,0.0,0.0,0.0,0.0,0.0,0.0,0.0,0.0,0.0,0.0,0.0,0
27186,104.0,0.0,36.0,88.0,82.0,76.0,10.0,0.0,0.0,0.0,0.0,0.0,0.0,0.0,0.0,0.0,0.0,0.0,0.0,0.0,0.0,0.0,0.0,0.0,0.0,0.0,0.0,0.0,0.0,0.0,0.0,0.0,0.0,0.0,0
27186,104.0,0.0,36.0,86.0,80.0,74.0,10.0,0.0,0.0,0.0,0.4,7.3,42.0,99.8,0.0,0.0,0.0,0.0,0.0,0.0,0.0,121.0,8.98,0.0,0.0,5.6,0.0,0.0,32.7,10.6,0.0,16.5,0.0,99.0,0
27186,100.0,0.0,36.0,84.0,82.0,76.0,10.0,0.0,0.0,0.0,0.0,0.0,0.0,0.0,0.0,0.0,0.0,0.0,0.0,0.0,0.0,0.0,0.0,0.0,0.0,0.0,0.0,0.0,0.0,0.0,0.0,0.0,0.0,0.0,0
27186,94.0,0.0,36.4,82.0,78.0,78.0,10.0,0.0,0.0,0.0,0.0,0.0,0.0,0.0,0.0,0.0,0.0,0.0,0.0,0.0,0.0,0.0,0.0,0.0,0.0,0.0,0.0,0.0,0.0,0.0,0.0,0.0,0.0,0.0,0
27186,94.0,0.0,36.2,78.0,76.0,74.0,10.0,0.0,0.0,0.0,0.0,0.0,0.0,0.0,0.0,0.0,0.0,0.0,0.0,0.0,0.0,0.0,0.0,0.0,0.0,0.0,0.0,0.0,0.0,0.0,0.0,0.0,0.0,0.0,0
27186,96.0,0.0,36.4,80.0,76.0,74.0,10.0,0.0,0.0,0.0,0.4,7.28,39.0,0.0,0.0,0.0,0.0,0.0,0.0,0.0,0.0,106.0,10.01,0.0,0.0,6.5,0.0,0.0,0.0,0.0,0.0,0.0,0.0,0.0,0
27186,95.0,0.0,36.5,88.0,78.0,76.0,10.0,0.0,0.0,0.0,0.0,0.0,0.0,0.0,0.0,0.0,0.0,0.0,0.0,0.0,0.0,0.0,0.0,0.0,0.0,0.0,0.0,0.0,0.0,0.0,0.0,0.0,0.0,0.0,0
27186,99.0,0.0,36.85,101.0,82.0,73.0,10.0,0.0,0.0,0.0,0.4,7.27,35.0,87.2,0.0,0.0,0.0,0.0,0.0,0.0,0.0,94.0,10.66,0.0,0.0,7.2,0.0,0.0,0.0,0.0,0.0,0.0,0.0,0.0,0
27186,97.0,0.0,35.75,94.0,76.0,69.0,10.0,0.0,0.0,0.0,0.0,0.0,0.0,0.0,0.0,0.0,0.0,0.0,0.0,0.0,0.0,80.0,0.0,0.0,0.0,0.0,0.0,0.0,0.0,0.0,0.0,0.0,0.0,0.0,0
27186,100.0,90.0,35.7,108.0,84.0,74.0,10.0,0.0,0.0,0.0,0.4,7.3,38.0,83.4,0.0,0.0,0.0,1.03,0.0,0.0,0.0,77.5,9.7,0.0,0.0,6.1,0.0,0.0,0.0,0.0,0.0,0.0,0.0,0.0,0
27186,100.0,0.0,36.1,66.0,58.0,52.0,10.0,0.0,0.0,0.0,0.0,0.0,0.0,0.0,2768.0,32.0,78.0,8.0,0.0,3.95,0.0,54.0,0.0,2.0,7.1,5.6,3.2,0.0,29.7,9.7,53.8,11.5,273.0,78.0,0
27186,101.0,0.0,35.5,82.0,62.0,53.0,10.0,0.0,0.0,0.0,0.5,7.28,44.0,72.9,0.0,0.0,0.0,1.06,0.0,0.0,0.0,59.5,9.71,0.0,0.0,5.6,0.0,0.0,0.0,0.0,0.0,0.0,0.0,0.0,0
27186,104.0,0.0,35.9,108.0,78.0,66.0,10.0,0.0,0.0,0.0,0.5,7.26,48.0,73.1,0.0,0.0,0.0,1.07,0.0,0.0,0.0,80.0,8.08,0.0,0.0,5.6,0.0,0.0,0.0,0.0,0.0,0.0,0.0,0.0,0
27186,104.0,0.0,35.9,110.0,78.0,66.0,10.0,0.0,0.0,0.0,0.5,7.3,44.0,78.0,0.0,0.0,0.0,1.07,0.0,0.0,0.0,85.0,7.47,0.0,0.0,5.5,0.0,0.0,0.0,0.0,0.0,0.0,0.0,0.0,0
27186,102.0,0.0,35.7,98.0,72.0,62.0,10.0,0.0,0.0,0.0,0.0,0.0,0.0,0.0,0.0,0.0,0.0,0.0,0.0,0.0,0.0,0.0,0.0,0.0,0.0,0.0,0.0,0.0,0.0,0.0,0.0,0.0,0.0,0.0,0
27186,98.0,0.0,35.25,99.0,72.0,62.0,10.0,0.0,0.0,0.0,0.5,7.29,47.0,77.3,0.0,0.0,0.0,1.11,0.0,0.0,0.0,80.5,7.82,0.0,0.0,4.8,0.0,0.0,0.0,0.0,0.0,0.0,0.0,0.0,0
27186,96.0,0.0,35.4,98.0,72.0,64.0,10.0,0.0,0.0,0.0,0.0,0.0,0.0,0.0,0.0,0.0,0.0,0.0,0.0,0.0,0.0,0.0,0.0,0.0,0.0,0.0,0.0,0.0,0.0,0.0,0.0,0.0,0.0,0.0,0
27186,98.0,0.0,37.0,117.0,94.0,84.0,10.0,0.0,0.0,0.0,1.0,7.34,32.0,95.8,0.0,0.0,0.0,1.04,0.0,0.0,0.0,62.0,8.37,0.0,0.0,4.6,0.0,0.0,0.0,0.0,0.0,0.0,0.0,0.0,0
27186,102.0,0.0,0.0,102.0,88.0,80.0,10.0,0.0,0.0,0.0,0.0,0.0,0.0,0.0,0.0,0.0,0.0,0.0,0.0,0.0,0.0,0.0,0.0,0.0,0.0,0.0,0.0,0.0,0.0,0.0,0.0,0.0,0.0,0.0,0
27186,102.0,0.0,0.0,99.0,82.0,74.0,10.0,0.0,0.0,0.0,1.0,7.3,44.0,87.6,0.0,0.0,0.0,1.08,0.0,0.0,0.0,61.0,7.79,0.0,0.0,5.4,0.0,0.0,0.0,0.0,0.0,0.0,0.0,0.0,0
27186,0.0,0.0,0.0,0.0,0.0,0.0,0.0,0.0,0.0,0.0,0.0,0.0,0.0,0.0,0.0,0.0,0.0,0.0,0.0,0.0,0.0,0.0,0.0,0.0,0.0,0.0,0.0,0.0,0.0,0.0,0.0,0.0,0.0,0.0,0
27186,96.0,0.0,37.4,93.0,87.0,83.0,10.0,0.0,0.0,0.0,0.5,7.31,31.0,99.8,0.0,28.0,0.0,4.73,0.0,3.16,0.0,73.0,10.48,0.0,8.0,6.2,0.0,0.0,0.0,0.0,0.0,0.0,0.0,0.0,0
27186,92.0,0.0,0.0,93.0,92.0,90.0,0.0,0.0,0.0,0.0,0.5,7.28,29.0,99.7,0.0,0.0,0.0,1.11,0.0,0.0,0.0,50.0,10.79,0.0,0.0,6.2,0.0,0.0,0.0,0.0,0.0,0.0,0.0,0.0,0
27186,0.0,0.0,0.0,0.0,0.0,0.0,0.0,0.0,0.0,0.0,0.0,0.0,0.0,0.0,0.0,0.0,0.0,0.0,0.0,0.0,0.0,0.0,0.0,0.0,0.0,0.0,0.0,0.0,0.0,0.0,0.0,0.0,0.0,0.0,0
27186,88.0,0.0,0.0,110.0,108.0,106.0,10.0,0.0,0.0,0.0,0.0,0.0,0.0,0.0,0.0,0.0,0.0,0.0,0.0,0.0,0.0,37.0,0.0,0.0,0.0,0.0,0.0,0.0,0.0,0.0,0.0,0.0,0.0,0.0,0
27186,88.0,0.0,0.0,94.0,90.0,88.0,10.0,0.0,0.0,0.0,0.5,7.26,29.0,99.6,0.0,0.0,0.0,1.09,0.0,0.0,0.0,85.0,14.47,0.0,0.0,6.3,0.0,0.0,0.0,0.0,0.0,0.0,0.0,0.0,0
27186,83.0,0.0,37.4,94.0,91.0,89.0,10.0,0.0,0.0,0.0,0.5,7.25,31.0,99.7,0.0,0.0,0.0,1.09,0.0,0.0,0.0,51.0,13.49,0.0,0.0,6.9,0.0,0.0,0.0,0.0,0.0,0.0,0.0,0.0,0
27186,84.0,0.0,0.0,88.0,84.0,80.0,10.0,0.0,0.0,0.0,0.0,0.0,0.0,0.0,0.0,0.0,0.0,0.0,0.0,0.0,0.0,0.0,0.0,0.0,0.0,0.0,0.0,0.0,0.0,0.0,0.0,0.0,0.0,0.0,0
27186,84.0,0.0,0.0,84.0,82.0,80.0,10.0,0.0,0.0,0.0,0.5,7.25,31.0,99.8,3987.0,17.0,156.0,5.38,0.0,2.16,0.0,60.0,12.35,0.0,0.0,6.4,4.2,40.0,0.0,0.0,85.9,0.0,389.0,102.0,0
27186,82.0,0.0,37.1,94.0,67.0,49.0,10.0,0.0,0.0,0.0,0.5,7.18,48.0,85.7,0.0,0.0,0.0,1.16,0.0,0.0,0.0,70.0,8.8,0.0,0.0,6.1,0.0,0.0,0.0,0.0,0.0,0.0,0.0,0.0,0
27186,84.0,0.0,37.4,102.0,80.0,70.0,10.0,0.0,0.0,0.0,0.5,7.32,29.0,99.8,0.0,0.0,0.0,1.05,0.0,0.0,0.0,72.5,9.33,0.0,0.0,7.0,0.0,0.0,0.0,0.0,0.0,0.0,0.0,0.0,0
27186,84.0,0.0,37.45,97.0,96.0,95.0,10.0,0.0,0.0,0.0,0.0,0.0,0.0,0.0,0.0,0.0,0.0,0.0,0.0,0.0,0.0,79.0,0.0,0.0,0.0,0.0,0.0,0.0,0.0,0.0,0.0,0.0,0.0,0.0,0
27186,83.0,0.0,37.25,94.0,92.0,90.0,10.0,0.0,0.0,0.0,0.5,7.34,29.0,99.8,0.0,0.0,0.0,1.28,0.0,0.0,0.0,64.0,9.07,0.0,0.0,6.2,0.0,0.0,0.0,0.0,0.0,0.0,0.0,0.0,0
27186,82.0,0.0,37.3,84.0,84.0,82.0,10.0,0.0,0.0,0.0,0.5,7.36,29.0,99.8,0.0,0.0,0.0,1.01,0.0,0.0,0.0,68.5,8.44,0.0,0.0,5.9,0.0,0.0,0.0,0.0,0.0,0.0,0.0,0.0,0
27186,80.0,0.0,37.3,0.0,92.0,0.0,10.0,0.0,0.0,0.0,0.0,0.0,0.0,0.0,0.0,0.0,0.0,0.0,0.0,0.0,0.0,0.0,0.0,0.0,0.0,0.0,0.0,0.0,0.0,0.0,0.0,0.0,0.0,0.0,0
