28027,0.0,0.0,0.0,0.0,0.0,0.0,0.0,0.0,0.0,0.0,0.0,0.0,0.0,0.0,0.0,0.0,0.0,0.0,0.0,0.0,0.0,0.0,0.0,0.0,0.0,0.0,0.0,0.0,0.0,0.0,0.0,0.0,0.0,0.0,0
28027,80.0,99.5,36.0,122.5,66.5,45.0,18.0,24.0,0.0,0.0,1.0,7.22,59.0,0.0,0.0,0.0,0.0,1.29,105.0,0.0,0.0,134.5,1.13,0.0,0.0,4.4,0.0,0.0,0.0,0.0,0.0,0.0,0.0,0.0,0
28027,80.0,98.5,36.7,149.0,84.0,57.0,18.0,24.5,0.0,0.0,0.5,7.28,50.0,0.0,0.0,0.0,0.0,1.19,106.0,0.0,0.0,124.5,1.21,0.0,0.0,4.2,0.0,0.0,0.0,0.0,0.0,0.0,0.0,0.0,0
28027,80.0,99.0,36.75,117.0,70.0,53.0,18.0,22.0,0.0,0.0,0.5,7.29,56.0,0.0,0.0,0.0,0.0,0.0,0.0,0.0,0.0,126.0,0.0,0.0,0.0,0.0,0.0,0.0,0.0,0.0,0.0,0.0,0.0,0.0,0
28027,80.0,99.5,36.4,138.0,77.0,54.0,22.0,20.5,0.0,0.0,0.0,0.0,0.0,0.0,0.0,0.0,0.0,0.0,0.0,0.0,0.0,0.0,0.0,0.0,0.0,0.0,0.0,0.0,0.0,0.0,0.0,0.0,0.0,0.0,0
28027,80.0,98.5,36.2,135.0,85.0,57.0,22.0,19.0,0.0,0.0,0.4,7.37,42.0,0.0,0.0,0.0,0.0,0.0,0.0,0.0,0.0,147.0,0.0,0.0,0.0,0.0,0.0,0.0,0.0,0.0,0.0,0.0,0.0,0.0,0
28027,80.0,96.5,36.1,129.0,78.5,53.5,24.0,18.5,0.0,0.0,0.0,0.0,0.0,0.0,0.0,0.0,0.0,0.0,0.0,0.0,0.0,140.0,0.0,0.0,0.0,0.0,0.0,0.0,0.0,0.0,0.0,0.0,0.0,0.0,0
28027,80.0,97.0,36.0,118.0,74.0,53.0,23.0,18.0,0.0,0.0,0.4,0.0,0.0,0.0,0.0,13.0,0.0,8.1,0.0,0.72,0.0,132.0,0.0,2.4,0.0,3.7,0.0,0.0,26.8,9.0,0.0,12.8,0.0,72.0,0
28027,80.0,99.0,35.9,120.0,76.0,53.5,22.5,19.5,0.0,0.0,0.0,0.0,0.0,0.0,0.0,0.0,0.0,0.0,0.0,0.0,0.0,0.0,0.0,0.0,0.0,0.0,0.0,0.0,0.0,0.0,0.0,0.0,0.0,0.0,0
28027,80.0,100.0,35.6,121.0,77.0,54.0,22.0,18.5,0.0,0.0,0.4,7.38,42.0,0.0,0.0,0.0,0.0,1.19,110.0,0.0,0.0,104.5,1.49,0.0,0.0,3.9,0.0,0.0,0.0,0.0,0.0,0.0,0.0,0.0,0
28027,80.0,99.0,35.8,107.0,68.0,47.0,23.0,19.0,0.0,0.0,0.0,0.0,0.0,0.0,0.0,0.0,0.0,0.0,0.0,0.0,0.0,0.0,0.0,0.0,0.0,0.0,0.0,0.0,0.0,0.0,0.0,0.0,0.0,0.0,0
28027,80.0,99.0,36.9,112.0,60.0,38.0,13.0,31.0,0.0,0.0,0.0,0.0,0.0,0.0,0.0,0.0,0.0,0.0,0.0,0.0,0.0,124.0,0.0,0.0,0.0,0.0,0.0,0.0,0.0,0.0,0.0,0.0,0.0,0.0,0
28027,80.0,99.0,37.1,146.0,72.5,43.5,14.0,30.0,0.0,0.0,0.0,0.0,0.0,0.0,0.0,0.0,0.0,0.0,0.0,0.0,0.0,0.0,0.0,0.0,0.0,0.0,0.0,0.0,0.0,0.0,0.0,0.0,0.0,0.0,0
28027,80.0,96.0,36.2,119.0,64.0,41.0,14.0,0.0,0.0,0.0,0.0,0.0,0.0,0.0,0.0,0.0,0.0,0.0,0.0,0.0,0.0,0.0,0.0,0.0,0.0,0.0,0.0,0.0,0.0,0.0,0.0,0.0,0.0,0.0,0
28027,80.0,100.0,35.9,152.0,84.0,52.0,14.0,0.0,0.0,0.0,0.0,0.0,0.0,0.0,0.0,0.0,0.0,0.0,0.0,0.0,0.0,0.0,0.0,0.0,0.0,0.0,0.0,0.0,0.0,0.0,0.0,0.0,0.0,0.0,0
28027,80.0,99.0,35.9,158.5,84.5,50.0,16.0,0.0,0.0,0.0,0.0,0.0,0.0,0.0,0.0,0.0,0.0,0.0,0.0,0.0,0.0,0.0,0.0,0.0,0.0,0.0,0.0,0.0,0.0,0.0,0.0,0.0,0.0,0.0,0
28027,80.0,98.0,36.0,132.0,71.0,45.0,20.0,0.0,0.0,0.0,0.0,0.0,0.0,0.0,0.0,0.0,0.0,0.0,0.0,0.0,0.0,0.0,0.0,0.0,0.0,0.0,0.0,0.0,0.0,0.0,0.0,0.0,0.0,0.0,0
28027,80.0,99.0,36.1,165.0,88.0,53.0,20.0,0.0,0.0,0.0,0.0,0.0,0.0,0.0,0.0,0.0,0.0,0.0,0.0,0.0,0.0,0.0,0.0,0.0,0.0,0.0,0.0,0.0,0.0,0.0,0.0,0.0,0.0,0.0,0
28027,80.0,98.0,36.1,159.0,89.0,54.0,20.0,0.0,0.0,0.0,0.0,0.0,0.0,0.0,0.0,18.0,0.0,8.5,0.0,0.91,0.0,132.0,0.0,2.5,0.0,4.7,0.0,0.0,0.0,0.0,0.0,0.0,0.0,0.0,0
28027,80.0,100.0,36.4,153.0,81.0,49.0,20.0,0.0,0.0,0.0,0.0,0.0,0.0,0.0,0.0,0.0,0.0,0.0,0.0,0.0,0.0,0.0,0.0,0.0,0.0,0.0,0.0,0.0,0.0,0.0,0.0,0.0,0.0,0.0,0
28027,79.0,99.0,36.4,162.0,85.0,52.0,20.0,0.0,0.0,0.0,0.0,0.0,0.0,0.0,0.0,0.0,0.0,0.0,0.0,0.0,0.0,0.0,0.0,0.0,0.0,0.0,0.0,0.0,0.0,0.0,0.0,0.0,0.0,0.0,0
28027,80.0,100.0,36.6,144.0,74.0,46.0,20.0,0.0,0.0,0.0,0.0,0.0,0.0,0.0,0.0,0.0,0.0,0.0,0.0,0.0,0.0,0.0,0.0,0.0,0.0,0.0,0.0,0.0,0.0,0.0,0.0,0.0,0.0,0.0,0
28027,80.0,100.0,36.7,170.0,85.0,52.0,22.0,0.0,0.0,0.0,0.0,0.0,0.0,0.0,0.0,0.0,0.0,0.0,0.0,0.0,0.0,0.0,0.0,0.0,0.0,0.0,0.0,0.0,0.0,0.0,0.0,0.0,0.0,0.0,0
28027,80.0,98.0,36.7,173.0,90.0,55.0,22.0,0.0,0.0,0.0,0.0,0.0,0.0,0.0,0.0,0.0,0.0,0.0,0.0,0.0,0.0,0.0,0.0,0.0,0.0,0.0,0.0,0.0,0.0,0.0,0.0,0.0,0.0,0.0,0
28027,0.0,0.0,0.0,0.0,0.0,0.0,0.0,0.0,0.0,0.0,0.0,0.0,0.0,0.0,0.0,0.0,0.0,0.0,0.0,0.0,0.0,0.0,0.0,0.0,0.0,0.0,0.0,0.0,0.0,0.0,0.0,0.0,0.0,0.0,0
28027,80.0,98.0,36.7,130.0,68.0,42.0,18.0,0.0,0.0,0.0,0.0,0.0,0.0,0.0,0.0,0.0,0.0,0.0,0.0,0.0,0.0,108.0,0.0,0.0,0.0,0.0,0.0,0.0,0.0,0.0,0.0,0.0,0.0,0.0,0
28027,80.0,99.0,36.8,121.0,65.0,42.0,20.0,0.0,0.0,0.0,0.0,0.0,0.0,0.0,0.0,0.0,0.0,0.0,0.0,0.0,0.0,0.0,0.0,0.0,0.0,0.0,0.0,0.0,0.0,0.0,0.0,0.0,0.0,0.0,0
28027,80.0,99.0,36.2,116.0,63.0,42.0,18.0,0.0,0.0,0.0,0.0,0.0,0.0,0.0,0.0,0.0,0.0,0.0,0.0,0.0,0.0,0.0,0.0,0.0,0.0,0.0,0.0,0.0,0.0,0.0,0.0,0.0,0.0,0.0,0
28027,80.0,98.0,36.1,114.0,61.0,40.0,20.0,0.0,0.0,0.0,0.0,0.0,0.0,0.0,0.0,0.0,0.0,0.0,0.0,0.0,0.0,108.0,0.0,0.0,0.0,0.0,0.0,0.0,0.0,0.0,0.0,0.0,0.0,0.0,0
28027,80.0,93.0,36.05,132.5,72.5,48.5,13.0,0.0,0.0,0.0,0.0,0.0,0.0,0.0,0.0,0.0,0.0,0.0,0.0,0.0,0.0,0.0,0.0,0.0,0.0,0.0,0.0,0.0,0.0,0.0,0.0,0.0,0.0,0.0,0
28027,80.0,95.0,36.2,126.0,68.0,46.0,14.0,0.0,0.0,0.0,0.0,0.0,0.0,0.0,0.0,0.0,0.0,0.0,0.0,0.0,0.0,107.0,0.0,0.0,0.0,0.0,0.0,0.0,0.0,0.0,0.0,0.0,0.0,0.0,0
28027,80.0,94.0,36.1,100.0,57.0,39.0,16.0,0.0,0.0,0.0,0.0,0.0,0.0,0.0,0.0,0.0,0.0,0.0,0.0,0.0,0.0,0.0,0.0,0.0,0.0,0.0,0.0,0.0,0.0,0.0,0.0,0.0,0.0,0.0,0
28027,80.0,95.0,36.1,130.0,67.0,43.0,16.0,0.0,0.0,0.0,0.0,0.0,0.0,0.0,0.0,25.0,0.0,8.6,0.0,1.3,0.0,107.0,0.0,2.6,7.1,5.2,0.0,0.0,27.5,9.0,0.0,18.3,0.0,88.0,0
28027,80.0,97.5,36.1,146.5,70.5,45.0,16.0,0.0,0.0,0.0,0.0,0.0,0.0,0.0,0.0,0.0,0.0,0.0,0.0,0.0,0.0,0.0,0.0,0.0,0.0,0.0,0.0,0.0,0.0,0.0,0.0,0.0,0.0,0.0,0
28027,80.0,97.0,36.1,123.0,65.0,44.0,16.0,0.0,0.0,0.0,0.0,0.0,0.0,0.0,0.0,0.0,0.0,0.0,0.0,0.0,0.0,0.0,0.0,0.0,0.0,0.0,0.0,0.0,0.0,0.0,0.0,0.0,0.0,0.0,0
28027,80.0,98.0,36.1,135.0,68.0,45.0,16.0,0.0,0.0,0.0,0.0,0.0,0.0,0.0,0.0,0.0,0.0,0.0,0.0,0.0,0.0,106.0,0.0,0.0,0.0,0.0,0.0,0.0,0.0,0.0,0.0,0.0,0.0,0.0,0
28027,0.0,0.0,0.0,0.0,0.0,0.0,0.0,0.0,0.0,0.0,0.0,0.0,0.0,0.0,0.0,0.0,0.0,0.0,0.0,0.0,0.0,0.0,0.0,0.0,0.0,0.0,0.0,0.0,0.0,0.0,0.0,0.0,0.0,0.0,0
28027,106.0,97.0,36.3,161.0,73.0,47.0,30.0,0.0,0.0,0.0,0.0,0.0,0.0,0.0,0.0,0.0,0.0,0.0,0.0,0.0,0.0,0.0,0.0,0.0,0.0,0.0,0.0,0.0,0.0,0.0,0.0,0.0,0.0,0.0,0
28027,145.0,97.0,36.3,162.0,75.5,47.0,22.0,0.0,0.0,0.0,0.32,0.0,0.0,0.0,0.0,0.0,0.0,1.21,105.0,0.0,0.0,107.0,1.68,0.0,0.0,5.1,0.0,0.0,0.0,0.0,0.0,0.0,0.0,0.0,1
28027,0.0,0.0,0.0,0.0,0.0,0.0,0.0,0.0,0.0,0.0,0.0,0.0,0.0,0.0,0.0,0.0,0.0,0.0,0.0,0.0,0.0,105.0,0.0,0.0,0.0,0.0,0.0,0.0,0.0,0.0,0.0,0.0,0.0,0.0,1
28027,97.0,96.0,36.3,143.0,65.5,41.0,16.0,0.0,0.0,0.0,0.0,0.0,0.0,0.0,0.0,0.0,0.0,0.0,0.0,0.0,0.0,119.0,0.0,0.0,0.0,0.0,0.0,0.0,0.0,0.0,0.0,0.0,0.0,0.0,1
28027,90.0,97.0,36.4,136.0,64.0,40.0,0.0,0.0,0.0,0.0,0.0,0.0,0.0,0.0,0.0,0.0,0.0,0.0,0.0,0.0,0.0,0.0,0.0,0.0,0.0,0.0,0.0,0.0,0.0,0.0,0.0,0.0,0.0,0.0,1
28027,90.0,99.0,36.4,163.0,74.0,44.0,10.0,0.0,0.0,0.0,0.36,7.17,54.0,0.0,0.0,0.0,0.0,1.2,105.0,0.0,0.0,121.0,1.66,0.0,0.0,5.3,0.0,0.0,0.0,0.0,0.0,0.0,0.0,0.0,1
28027,85.0,97.5,36.4,145.0,62.0,35.0,12.0,0.0,0.0,0.0,0.0,0.0,0.0,0.0,0.0,0.0,0.0,0.0,0.0,0.0,0.0,0.0,0.0,0.0,0.0,0.0,0.0,0.0,0.0,0.0,0.0,0.0,0.0,0.0,1
28027,80.0,100.0,36.4,152.5,67.0,40.0,22.0,0.0,0.0,0.0,0.0,0.0,0.0,0.0,0.0,0.0,0.0,0.0,0.0,0.0,0.0,0.0,0.0,0.0,0.0,0.0,0.0,0.0,0.0,0.0,0.0,0.0,0.0,0.0,1
28027,80.0,100.0,36.4,151.0,69.0,43.0,21.0,0.0,0.0,0.0,0.5,7.22,46.0,0.0,0.0,0.0,0.0,1.18,108.0,0.0,0.0,114.0,1.64,0.0,0.0,5.2,0.0,0.0,0.0,0.0,0.0,0.0,0.0,0.0,1
28027,80.0,100.0,36.3,154.5,74.5,48.0,22.0,0.0,0.0,0.0,0.0,0.0,0.0,0.0,0.0,0.0,0.0,0.0,0.0,0.0,0.0,0.0,0.0,0.0,0.0,0.0,0.0,0.0,0.0,0.0,0.0,0.0,0.0,0.0,1
28027,96.0,100.0,36.5,138.0,71.0,47.0,22.0,34.0,0.0,0.0,0.0,0.0,0.0,0.0,0.0,0.0,0.0,0.0,0.0,0.0,0.0,112.0,0.0,0.0,0.0,0.0,0.0,0.0,0.0,0.0,0.0,0.0,0.0,0.0,1
