28331,0.0,0.0,0.0,0.0,0.0,0.0,0.0,0.0,0.0,0.0,0.0,0.0,0.0,0.0,0.0,0.0,0.0,0.0,0.0,0.0,0.0,0.0,0.0,0.0,0.0,0.0,0.0,0.0,0.0,0.0,0.0,0.0,0.0,0.0,0
28331,106.0,98.0,0.0,106.0,70.0,52.0,18.0,29.0,0.0,0.0,0.0,0.0,0.0,0.0,0.0,0.0,0.0,0.0,0.0,0.0,0.0,0.0,0.0,0.0,0.0,0.0,0.0,0.0,0.0,0.0,0.0,0.0,0.0,0.0,0
28331,103.0,92.5,0.0,171.0,97.0,65.0,18.0,37.0,-1.1,24.0,0.0,7.28,57.0,96.4,0.0,0.0,0.0,0.0,104.0,0.0,0.0,188.0,4.3,0.0,0.0,3.5,0.0,0.0,42.0,13.9,0.0,0.0,0.0,0.0,0
28331,0.0,0.0,0.0,0.0,0.0,0.0,0.0,0.0,0.0,0.0,0.0,0.0,0.0,0.0,0.0,0.0,0.0,0.0,0.0,0.0,0.0,0.0,0.0,0.0,0.0,0.0,0.0,0.0,0.0,0.0,0.0,0.0,0.0,0.0,0
28331,0.0,0.0,0.0,0.0,0.0,0.0,0.0,0.0,-4.55,21.4,0.0,7.31,45.0,96.15,0.0,0.0,0.0,0.0,104.5,0.0,0.0,170.5,5.35,0.0,0.0,4.65,0.0,0.0,31.0,11.4,0.0,0.0,0.0,0.0,0
28331,0.0,0.0,0.0,0.0,0.0,0.0,0.0,0.0,0.0,0.0,0.0,0.0,0.0,0.0,0.0,0.0,0.0,0.0,0.0,0.0,0.0,0.0,0.0,0.0,0.0,0.0,0.0,0.0,0.0,0.0,0.0,0.0,162.0,29.0,0
28331,0.0,0.0,0.0,0.0,0.0,0.0,0.0,0.0,-6.95,19.5,0.0,7.27,43.5,97.1,0.0,0.0,0.0,0.0,100.5,0.0,0.0,223.0,11.65,0.0,0.0,6.35,0.0,0.0,23.0,9.95,0.0,0.0,0.0,0.0,0
28331,0.0,0.0,0.0,0.0,0.0,0.0,0.0,0.0,-7.95,18.75,0.0,7.27,39.5,96.55,0.0,0.0,0.0,0.0,109.0,0.0,0.0,185.5,12.2,0.0,0.0,6.95,0.0,0.0,28.0,11.55,0.0,0.0,0.0,0.0,0
28331,0.0,0.0,0.0,0.0,0.0,0.0,0.0,0.0,-6.5,19.9,0.0,7.27,43.5,97.25,0.0,0.0,0.0,0.0,116.5,0.0,0.0,177.5,10.55,0.0,0.0,6.2,0.0,0.0,21.0,9.05,0.0,0.0,130.0,76.0,0
28331,0.0,0.0,0.0,0.0,0.0,0.0,0.0,0.0,-11.6,15.7,0.0,7.07,63.0,87.3,0.0,0.0,0.0,0.0,116.5,0.0,0.0,245.0,14.5,0.0,0.0,4.05,0.0,0.0,21.5,8.8,0.0,0.0,0.0,0.0,0
28331,0.0,0.0,0.0,0.0,0.0,0.0,0.0,0.0,-10.8,16.3,0.0,7.06,64.0,89.3,0.0,0.0,0.0,0.0,120.0,0.0,0.0,197.0,12.6,0.0,0.0,3.0,0.0,0.0,23.0,8.75,58.9,13.3,331.0,284.0,0
28331,0.0,0.0,0.0,0.0,0.0,0.0,0.0,0.0,-12.45,15.1,0.0,7.1,55.0,91.45,0.0,0.0,0.0,0.0,118.0,0.0,0.0,203.5,13.45,0.0,0.0,3.55,0.0,0.0,29.0,10.95,0.0,0.0,0.0,0.0,0
28331,0.0,0.0,0.0,0.0,0.0,0.0,0.0,0.0,-14.8,13.3,0.0,7.07,53.0,93.7,0.0,0.0,0.0,0.0,115.0,0.0,0.0,228.0,14.5,0.0,0.0,2.8,0.0,0.0,39.0,13.4,0.0,0.0,0.0,0.0,0
28331,0.0,0.0,0.0,0.0,0.0,0.0,0.0,0.0,-13.95,14.0,0.0,7.06,58.0,94.25,0.0,0.0,0.0,0.0,115.5,0.0,0.0,241.0,13.2,0.0,0.0,2.85,0.0,0.0,33.0,12.0,0.0,0.0,0.0,0.0,0
28331,119.5,98.0,35.55,104.0,82.0,54.5,10.0,0.0,0.0,0.0,1.0,7.24,37.0,0.0,0.0,0.0,0.0,1.08,112.0,0.0,0.0,210.0,11.91,0.0,0.0,3.1,0.0,0.0,0.0,0.0,0.0,0.0,0.0,0.0,0
28331,110.5,97.5,34.7,129.5,106.0,62.5,10.0,0.0,0.0,0.0,0.0,0.0,0.0,0.0,221.0,22.0,33.0,7.5,0.0,1.64,0.0,232.0,0.0,1.8,3.0,3.0,1.7,0.0,32.9,11.0,65.4,13.0,0.0,127.0,0
28331,101.0,96.0,34.65,143.0,115.0,67.5,10.0,0.0,0.0,0.0,1.0,7.28,32.0,0.0,0.0,0.0,0.0,1.08,112.0,0.0,0.0,201.0,11.79,0.0,0.0,2.8,0.0,0.0,0.0,0.0,0.0,0.0,0.0,0.0,0
28331,102.0,97.0,35.7,139.0,112.0,71.0,10.0,0.0,0.0,0.0,1.0,7.27,33.0,0.0,0.0,0.0,0.0,1.16,113.0,0.0,0.0,206.0,10.88,0.0,0.0,3.1,0.0,0.0,0.0,0.0,0.0,0.0,0.0,0.0,0
28331,84.0,99.0,36.45,110.0,75.0,51.0,10.0,0.0,0.0,0.0,1.0,7.46,29.0,0.0,0.0,0.0,0.0,1.7,113.0,0.0,0.0,214.0,16.52,0.0,0.0,4.6,0.0,0.0,0.0,0.0,0.0,0.0,0.0,0.0,0
28331,46.0,99.0,36.0,125.5,86.5,54.0,10.0,0.0,0.0,0.0,1.0,7.0,29.0,0.0,0.0,0.0,0.0,1.35,114.0,0.0,0.0,216.0,19.02,0.0,0.0,4.8,0.0,0.0,0.0,0.0,0.0,0.0,0.0,0.0,0
28331,96.0,98.0,36.0,118.0,93.0,58.0,10.0,13.0,0.0,0.0,1.0,7.07,42.5,0.0,0.0,0.0,0.0,1.17,112.0,0.0,0.0,240.0,19.02,0.0,0.0,4.55,0.0,0.0,0.0,0.0,0.0,0.0,0.0,0.0,0
28331,111.0,96.0,36.7,120.5,99.0,67.0,10.0,0.0,0.0,0.0,1.0,7.16,50.0,0.0,264.0,24.0,16.0,4.64,112.0,1.84,0.0,247.5,16.14,3.6,8.3,3.7,1.0,0.0,43.2,14.4,0.0,7.6,0.0,37.0,0
28331,106.0,100.0,36.7,121.0,94.0,56.5,10.0,0.0,0.0,0.0,1.0,7.25,48.0,0.0,0.0,0.0,0.0,1.13,110.0,0.0,0.0,207.0,12.89,0.0,0.0,3.2,0.0,0.0,0.0,0.0,0.0,0.0,0.0,0.0,0
28331,109.0,97.0,36.7,124.0,104.0,79.0,10.0,0.0,0.0,0.0,0.0,0.0,0.0,0.0,0.0,0.0,0.0,0.0,0.0,0.0,0.0,0.0,0.0,0.0,0.0,0.0,0.0,0.0,0.0,0.0,0.0,0.0,0.0,0.0,0
28331,114.0,97.5,36.8,174.0,133.0,78.0,10.0,0.0,0.0,0.0,1.0,7.35,39.0,0.0,0.0,0.0,0.0,1.11,109.0,0.0,0.0,205.0,10.25,0.0,0.0,3.4,0.0,0.0,0.0,0.0,0.0,0.0,0.0,0.0,0
28331,101.0,98.0,36.8,122.0,97.0,59.0,10.0,0.0,0.0,0.0,0.0,0.0,0.0,0.0,400.0,24.0,18.0,8.0,0.0,2.11,0.0,195.5,0.0,3.2,1.3,3.6,1.9,0.0,39.4,13.9,49.2,10.2,135.0,38.0,0
