30064,0.0,0.0,0.0,0.0,0.0,0.0,0.0,0.0,0.0,0.0,0.0,0.0,0.0,0.0,0.0,0.0,0.0,0.0,0.0,0.0,0.0,0.0,0.0,0.0,0.0,0.0,0.0,0.0,0.0,0.0,0.0,0.0,0.0,0.0,0
30064,59.0,91.0,0.0,128.0,81.0,56.0,23.0,0.0,0.0,0.0,0.0,0.0,0.0,0.0,368.0,26.0,76.0,7.9,0.0,2.31,0.0,96.0,0.0,0.0,0.0,4.7,0.9,0.0,34.8,11.5,32.6,10.7,0.0,170.0,0
30064,57.5,92.0,37.0,126.0,77.0,54.0,20.0,0.0,0.0,0.0,0.0,0.0,0.0,0.0,0.0,0.0,0.0,0.0,0.0,0.0,0.0,0.0,0.0,0.0,0.0,0.0,0.0,0.0,0.0,0.0,0.0,0.0,0.0,0.0,0
30064,59.0,90.0,0.0,116.0,71.0,47.0,0.0,0.0,0.0,0.0,0.0,0.0,0.0,0.0,0.0,0.0,0.0,0.0,0.0,0.0,0.0,0.0,0.0,0.0,0.0,0.0,0.0,0.0,0.0,0.0,0.0,0.0,0.0,0.0,0
30064,58.0,95.0,0.0,115.0,70.0,47.0,20.0,0.0,0.0,0.0,0.0,0.0,0.0,0.0,0.0,0.0,0.0,0.0,0.0,0.0,0.0,0.0,0.0,0.0,0.0,0.0,0.0,0.0,0.0,0.0,0.0,0.0,0.0,0.0,0
30064,58.0,96.0,37.1,103.0,64.0,45.0,20.0,0.0,0.0,0.0,0.0,0.0,0.0,0.0,0.0,0.0,0.0,0.0,0.0,0.0,0.0,0.0,0.0,0.0,0.0,0.0,0.0,0.0,0.0,0.0,0.0,0.0,0.0,0.0,0
30064,60.5,96.0,0.0,111.5,72.5,51.5,16.0,0.0,0.0,0.0,0.0,0.0,0.0,0.0,0.0,0.0,0.0,0.0,0.0,0.0,0.0,0.0,0.0,0.0,0.0,0.0,0.0,0.0,0.0,0.0,0.0,0.0,0.0,0.0,0
30064,61.0,97.0,0.0,109.0,68.0,50.0,15.0,0.0,0.0,0.0,0.0,0.0,0.0,0.0,0.0,0.0,0.0,0.0,0.0,0.0,0.0,0.0,0.0,0.0,0.0,0.0,0.0,0.0,0.0,0.0,0.0,0.0,0.0,0.0,0
30064,62.0,95.0,0.0,118.0,75.0,55.0,15.0,0.0,0.0,0.0,0.0,0.0,0.0,0.0,0.0,0.0,0.0,0.0,0.0,0.0,0.0,0.0,0.0,0.0,0.0,0.0,0.0,0.0,0.0,0.0,0.0,0.0,0.0,0.0,0
30064,60.0,97.0,36.8,107.0,69.0,49.0,21.0,0.0,0.0,0.0,0.0,0.0,0.0,0.0,0.0,0.0,0.0,0.0,0.0,0.0,0.0,0.0,0.0,0.0,0.0,0.0,0.0,0.0,0.0,0.0,0.0,0.0,0.0,0.0,0
30064,62.5,95.0,0.0,121.5,75.5,51.0,12.0,0.0,0.0,0.0,0.0,0.0,0.0,0.0,0.0,0.0,0.0,0.0,0.0,0.0,0.0,0.0,0.0,0.0,0.0,0.0,0.0,0.0,0.0,0.0,0.0,0.0,0.0,0.0,0
30064,64.0,94.5,0.0,134.5,81.5,54.0,15.5,0.0,0.0,0.0,0.0,0.0,0.0,0.0,0.0,0.0,0.0,0.0,0.0,0.0,0.0,0.0,0.0,0.0,0.0,0.0,0.0,0.0,0.0,0.0,0.0,0.0,0.0,0.0,0
30064,68.0,95.0,0.0,137.0,0.0,56.0,17.0,0.0,0.0,0.0,0.0,0.0,0.0,0.0,0.0,0.0,0.0,0.0,0.0,0.0,0.0,0.0,0.0,0.0,0.0,0.0,0.0,0.0,0.0,0.0,0.0,0.0,0.0,0.0,0
30064,0.0,0.0,0.0,0.0,0.0,0.0,0.0,0.0,0.0,0.0,0.0,0.0,0.0,0.0,0.0,0.0,0.0,0.0,0.0,0.0,0.0,0.0,0.0,0.0,0.0,0.0,0.0,0.0,0.0,0.0,0.0,0.0,0.0,0.0,0
30064,0.0,0.0,0.0,0.0,0.0,0.0,0.0,0.0,0.0,0.0,0.0,0.0,0.0,0.0,0.0,0.0,0.0,0.0,0.0,0.0,0.0,0.0,0.0,0.0,0.0,0.0,0.0,0.0,0.0,0.0,0.0,0.0,0.0,0.0,0
30064,0.0,0.0,0.0,0.0,0.0,0.0,0.0,0.0,-4.7,21.2,0.0,7.3,44.0,95.1,0.0,0.0,0.0,0.0,108.0,0.0,0.0,109.0,1.0,0.0,0.0,4.7,0.0,0.0,35.0,11.5,0.0,0.0,0.0,0.0,0
30064,0.0,0.0,0.0,0.0,0.0,0.0,0.0,0.0,0.0,0.0,0.0,0.0,0.0,0.0,0.0,0.0,0.0,0.0,0.0,0.0,0.0,0.0,0.0,0.0,0.0,0.0,0.0,0.0,0.0,0.0,0.0,0.0,0.0,0.0,0
30064,0.0,0.0,0.0,0.0,0.0,0.0,0.0,0.0,-5.6,20.55,0.0,7.32,39.0,97.1,0.0,0.0,0.0,0.0,109.5,0.0,0.0,121.5,1.2,0.0,0.0,4.65,0.0,0.0,25.0,9.25,0.0,0.0,0.0,0.0,0
30064,0.0,0.0,0.0,0.0,0.0,0.0,0.0,0.0,-9.5,17.55,0.0,7.07,72.5,97.15,0.0,0.0,0.0,0.0,110.0,0.0,0.0,132.5,2.4,0.0,0.0,6.4,0.0,0.0,22.5,9.0,0.0,0.0,348.0,85.0,0
30064,0.0,0.0,0.0,0.0,0.0,0.0,0.0,0.0,-10.25,17.0,0.0,7.21,42.5,97.25,0.0,0.0,0.0,0.0,110.5,0.0,0.0,134.5,2.95,0.0,0.0,5.75,0.0,0.0,22.5,9.1,0.0,0.0,0.0,0.0,0
30064,0.0,0.0,0.0,0.0,0.0,0.0,0.0,0.0,-12.9,14.85,0.0,7.14,46.5,97.1,0.0,0.0,0.0,0.0,113.5,0.0,0.0,120.0,4.5,0.0,0.0,5.7,0.0,0.0,21.0,8.65,0.0,0.0,0.0,0.0,0
30064,0.0,0.0,0.0,0.0,0.0,0.0,0.0,0.0,-13.7,14.25,0.0,7.14,41.5,96.5,0.0,0.0,0.0,0.0,112.0,0.0,0.0,137.5,7.1,0.0,0.0,4.6,0.0,0.0,22.0,8.45,58.0,0.0,185.0,104.0,0
30064,0.0,0.0,0.0,0.0,0.0,0.0,0.0,0.0,-11.8,15.7,0.0,7.18,42.0,95.9,0.0,0.0,0.0,0.0,112.0,0.0,0.0,150.0,7.6,0.0,0.0,4.7,0.0,0.0,20.0,7.9,0.0,0.0,0.0,0.0,0
30064,90.0,99.0,35.7,143.0,91.0,70.0,16.0,0.0,0.0,0.0,1.0,7.14,39.0,97.9,124.0,26.0,34.0,5.23,0.0,2.3,0.0,151.5,8.66,2.1,5.2,4.75,0.9,0.0,23.8,7.7,0.0,16.1,0.0,80.0,0
30064,91.0,100.0,35.3,134.0,85.0,62.0,16.0,0.0,0.0,0.0,0.9,7.15,47.0,98.6,0.0,0.0,0.0,1.0,0.0,0.0,0.0,0.0,9.11,0.0,0.0,4.6,0.0,0.0,0.0,0.0,0.0,0.0,0.0,0.0,0
30064,91.0,97.0,35.6,129.5,84.0,62.5,20.0,0.0,0.0,0.0,0.6,7.19,44.0,93.9,0.0,0.0,0.0,1.07,0.0,0.0,0.0,210.0,8.62,0.0,0.0,4.8,0.0,0.0,27.4,9.0,43.3,11.7,196.0,117.0,0
30064,91.0,96.0,36.0,132.0,89.0,67.0,22.0,27.0,0.0,0.0,0.0,0.0,0.0,0.0,0.0,0.0,0.0,0.0,0.0,0.0,0.0,226.0,0.0,0.0,0.0,0.0,0.0,0.0,0.0,0.0,0.0,0.0,0.0,0.0,0
30064,91.0,97.0,36.6,135.5,90.0,68.5,0.0,27.0,0.0,0.0,0.6,7.38,32.0,96.3,0.0,0.0,0.0,1.07,0.0,0.0,0.0,223.0,6.07,0.0,0.0,4.2,0.0,0.0,0.0,0.0,0.0,0.0,0.0,0.0,0
30064,91.0,97.0,37.0,124.0,83.0,65.0,24.0,25.0,0.0,0.0,0.0,0.0,0.0,0.0,0.0,0.0,0.0,0.0,0.0,0.0,0.0,199.0,0.0,0.0,0.0,0.0,0.0,0.0,0.0,0.0,0.0,0.0,0.0,0.0,0
30064,91.0,98.0,37.0,123.5,84.5,67.0,22.0,25.0,0.0,0.0,0.6,7.45,31.0,96.5,0.0,0.0,0.0,1.22,0.0,0.0,0.0,185.0,3.68,0.0,0.0,4.0,0.0,0.0,0.0,0.0,0.0,0.0,0.0,0.0,0
30064,91.0,98.0,37.0,126.0,88.0,70.0,22.0,25.0,0.0,0.0,0.0,0.0,0.0,0.0,109.0,28.0,38.0,8.9,0.0,2.28,0.0,182.5,0.0,2.0,2.1,3.9,1.3,0.0,30.5,10.1,0.0,6.8,0.0,83.0,0
30064,90.0,99.0,36.8,118.0,85.0,70.0,22.0,25.0,0.0,0.0,0.0,0.0,0.0,0.0,0.0,0.0,0.0,0.0,0.0,0.0,0.0,156.0,0.0,0.0,0.0,0.0,0.0,0.0,0.0,0.0,0.0,0.0,0.0,0.0,0
30064,90.0,98.0,36.7,133.0,95.0,78.0,22.0,26.0,0.0,0.0,0.0,0.0,0.0,0.0,0.0,0.0,0.0,0.0,0.0,0.0,0.0,138.0,0.0,0.0,0.0,0.0,0.0,0.0,0.0,0.0,0.0,0.0,0.0,0.0,0
30064,90.0,99.0,36.5,132.5,97.5,81.0,22.0,25.0,0.0,0.0,0.6,7.48,29.0,97.6,0.0,0.0,0.0,1.27,0.0,0.0,0.0,114.5,2.37,0.0,0.0,4.1,0.0,0.0,0.0,0.0,0.0,0.0,0.0,0.0,0
30064,90.0,98.0,36.6,136.0,100.0,83.0,20.0,27.0,0.0,0.0,0.0,0.0,0.0,0.0,0.0,0.0,0.0,0.0,0.0,0.0,0.0,0.0,0.0,0.0,0.0,0.0,0.0,0.0,0.0,0.0,0.0,0.0,0.0,0.0,0
30064,90.0,97.0,36.55,118.5,86.5,72.5,20.0,26.5,0.0,0.0,0.0,0.0,0.0,0.0,0.0,0.0,0.0,0.0,0.0,0.0,0.0,92.0,0.0,0.0,0.0,0.0,0.0,0.0,0.0,0.0,0.0,0.0,0.0,0.0,0
30064,100.5,95.0,36.4,137.0,95.5,74.5,20.0,28.0,0.0,0.0,0.0,0.0,0.0,0.0,0.0,0.0,0.0,0.0,0.0,0.0,0.0,105.0,0.0,0.0,0.0,0.0,0.0,0.0,0.0,0.0,0.0,0.0,0.0,0.0,0
30064,98.5,95.0,36.4,130.5,90.0,73.5,20.0,27.0,0.0,0.0,0.5,7.47,31.0,96.3,0.0,0.0,0.0,1.27,0.0,0.0,0.0,119.0,1.9,0.0,0.0,3.8,0.0,0.0,0.0,0.0,0.0,0.0,0.0,0.0,0
30064,105.0,98.0,36.4,127.0,88.0,73.0,23.0,26.5,0.0,0.0,0.5,7.47,32.0,96.0,0.0,0.0,0.0,1.23,0.0,0.0,0.0,162.0,1.93,0.0,0.0,3.9,0.0,0.0,0.0,0.0,0.0,0.0,0.0,0.0,0
30064,106.0,96.0,36.3,120.0,84.0,70.0,21.0,25.0,0.0,0.0,0.0,0.0,0.0,0.0,0.0,0.0,0.0,0.0,0.0,0.0,0.0,0.0,0.0,0.0,0.0,0.0,0.0,0.0,0.0,0.0,0.0,0.0,0.0,0.0,0
