3052,0.0,0.0,0.0,0.0,0.0,0.0,0.0,0.0,0.0,0.0,0.0,0.0,0.0,0.0,0.0,0.0,0.0,0.0,0.0,0.0,0.0,0.0,0.0,0.0,0.0,0.0,0.0,0.0,0.0,0.0,0.0,0.0,0.0,0.0,0
3052,67.0,97.0,36.8,104.0,65.0,48.0,14.0,0.0,-3.5,0.0,0.0,7.3,46.0,98.0,0.0,0.0,0.0,0.0,0.0,0.0,0.0,158.0,0.0,0.0,0.0,0.0,0.0,0.0,21.0,7.1,0.0,0.0,0.0,0.0,0
3052,80.5,100.0,37.0,103.0,68.0,51.5,14.5,0.0,0.0,0.0,0.0,0.0,0.0,0.0,0.0,0.0,0.0,0.0,0.0,0.0,0.0,0.0,0.0,0.0,0.0,0.0,0.0,0.0,0.0,0.0,0.0,0.0,0.0,0.0,0
3052,85.0,98.0,37.2,122.0,83.0,62.0,14.0,0.0,-3.0,0.0,0.0,7.3,45.0,0.0,0.0,0.0,0.0,0.0,0.0,0.0,0.0,159.0,0.0,0.0,0.0,0.0,0.0,0.0,30.0,9.9,0.0,0.0,0.0,0.0,0
3052,76.5,99.0,36.9,112.0,78.5,58.0,11.0,0.0,0.0,0.0,0.0,7.34,49.0,0.0,0.0,0.0,0.0,0.0,0.0,0.0,0.0,181.0,0.0,0.0,0.0,0.0,0.0,0.0,0.0,0.0,0.0,0.0,0.0,0.0,0
3052,79.0,99.5,37.1,106.0,77.5,59.0,20.0,0.0,0.0,0.0,0.5,7.34,48.0,0.0,0.0,0.0,0.0,0.0,0.0,0.0,0.0,160.0,0.0,0.0,0.0,0.0,0.0,0.0,0.0,0.0,0.0,0.0,0.0,0.0,0
3052,78.0,99.0,37.3,99.0,72.0,56.0,16.5,0.0,0.0,0.0,0.0,7.36,47.0,98.0,0.0,0.0,0.0,0.0,0.0,0.0,0.0,126.0,0.0,1.9,0.0,0.0,0.0,0.0,31.0,10.4,0.0,0.0,0.0,0.0,0
3052,72.0,100.0,37.5,109.0,71.0,51.0,18.0,0.0,0.0,0.0,0.45,0.0,0.0,0.0,0.0,0.0,0.0,0.0,0.0,0.0,0.0,0.0,0.0,0.0,0.0,0.0,0.0,0.0,0.0,0.0,0.0,0.0,0.0,0.0,0
3052,80.0,99.0,37.5,118.0,75.0,53.0,18.0,0.0,0.0,0.0,0.0,0.0,0.0,0.0,0.0,0.0,0.0,0.0,0.0,0.0,0.0,0.0,0.0,0.0,0.0,0.0,0.0,0.0,0.0,0.0,0.0,0.0,0.0,0.0,0
3052,89.0,98.0,37.8,128.0,85.0,63.0,23.0,0.0,0.0,0.0,0.0,0.0,0.0,0.0,0.0,0.0,0.0,0.0,0.0,0.0,0.0,0.0,0.0,0.0,0.0,0.0,0.0,0.0,0.0,0.0,0.0,0.0,0.0,0.0,0
3052,88.0,97.0,37.3,93.0,65.0,50.0,0.0,0.0,0.0,0.0,0.0,0.0,0.0,0.0,0.0,0.0,0.0,0.0,0.0,0.0,0.0,0.0,0.0,0.0,0.0,0.0,0.0,0.0,0.0,0.0,0.0,0.0,0.0,0.0,0
3052,86.0,100.0,37.2,104.0,71.0,54.0,16.0,0.0,0.0,0.0,0.0,0.0,0.0,0.0,0.0,0.0,0.0,0.0,0.0,0.0,0.0,0.0,0.0,0.0,0.0,0.0,0.0,0.0,0.0,0.0,0.0,0.0,0.0,0.0,0
3052,85.0,100.0,37.5,122.0,78.0,56.0,22.0,0.0,0.0,0.0,0.0,0.0,0.0,0.0,0.0,0.0,0.0,0.0,0.0,0.0,0.0,0.0,0.0,0.0,0.0,0.0,0.0,0.0,0.0,0.0,0.0,0.0,0.0,0.0,0
3052,83.0,100.0,37.6,93.0,61.0,44.0,18.0,0.0,0.0,22.0,0.0,0.0,0.0,0.0,0.0,13.0,0.0,0.0,106.0,0.9,0.0,123.0,0.0,0.0,0.0,4.5,0.0,0.0,26.8,9.8,0.0,5.3,0.0,169.0,0
3052,84.0,99.0,37.5,105.0,65.0,45.0,18.0,0.0,0.0,0.0,0.0,0.0,0.0,0.0,0.0,0.0,0.0,0.0,0.0,0.0,0.0,0.0,0.0,0.0,0.0,0.0,0.0,0.0,0.0,0.0,0.0,0.0,0.0,0.0,0
3052,81.0,99.0,37.5,91.0,61.0,44.0,19.0,0.0,0.0,0.0,0.0,0.0,0.0,0.0,0.0,0.0,0.0,0.0,0.0,0.0,0.0,0.0,0.0,0.0,0.0,0.0,0.0,0.0,0.0,0.0,0.0,0.0,0.0,0.0,0
3052,85.0,100.0,37.6,115.0,72.0,51.0,20.0,0.0,0.0,0.0,0.0,0.0,0.0,0.0,0.0,0.0,0.0,0.0,0.0,0.0,0.0,0.0,0.0,0.0,0.0,0.0,0.0,0.0,0.0,0.0,0.0,0.0,0.0,0.0,0
3052,84.0,99.0,37.8,112.0,68.0,50.0,20.0,0.0,0.0,0.0,0.0,0.0,0.0,0.0,0.0,0.0,0.0,0.0,0.0,0.0,0.0,0.0,0.0,0.0,0.0,0.0,0.0,0.0,0.0,0.0,0.0,0.0,0.0,0.0,0
3052,81.0,98.0,37.4,94.0,56.0,40.0,19.0,0.0,0.0,0.0,0.0,7.46,0.0,0.0,0.0,0.0,0.0,0.0,0.0,0.0,0.0,173.0,0.0,0.0,0.0,0.0,0.0,0.0,0.0,0.0,0.0,0.0,0.0,0.0,0
3052,85.0,98.0,37.6,106.0,72.0,51.5,20.0,0.0,0.0,0.0,0.0,0.0,0.0,0.0,0.0,0.0,0.0,0.0,0.0,0.0,0.0,0.0,0.0,0.0,0.0,0.0,0.0,0.0,0.0,0.0,0.0,0.0,0.0,0.0,0
3052,83.0,99.0,37.6,116.0,73.0,54.0,23.0,0.0,0.0,0.0,0.0,0.0,0.0,0.0,0.0,0.0,0.0,0.0,0.0,0.0,0.0,0.0,0.0,0.0,0.0,0.0,0.0,0.0,0.0,0.0,0.0,0.0,0.0,0.0,0
3052,85.0,97.0,0.0,113.0,73.0,0.0,18.0,0.0,0.0,0.0,0.0,0.0,0.0,0.0,0.0,0.0,0.0,0.0,0.0,0.0,0.0,0.0,0.0,0.0,0.0,0.0,0.0,0.0,0.0,0.0,0.0,0.0,0.0,0.0,0
