3307,88.0,95.5,35.7,98.0,55.5,35.0,12.25,0.0,-0.5,0.0,1.0,7.35,45.0,0.0,0.0,0.0,0.0,0.0,0.0,0.0,0.0,172.0,0.0,0.0,0.0,0.0,0.0,0.0,24.0,7.9,0.0,0.0,0.0,0.0,0
3307,87.0,97.0,35.8,89.5,54.0,35.5,11.0,0.0,0.0,0.0,0.0,7.32,51.0,0.0,0.0,0.0,0.0,0.0,0.0,0.0,0.0,149.0,0.0,0.0,0.0,5.1,0.0,0.0,25.0,0.0,28.0,0.0,0.0,231.0,0
3307,91.0,100.0,36.5,92.0,57.0,39.0,16.0,0.0,0.0,24.0,0.0,7.37,47.0,0.0,0.0,12.0,0.0,0.0,110.0,0.8,0.0,128.0,0.0,2.3,0.0,4.7,0.0,0.0,0.0,0.0,0.0,0.0,0.0,0.0,0
3307,92.0,100.0,37.1,97.0,61.0,42.0,11.0,0.0,0.0,0.0,0.0,0.0,0.0,0.0,0.0,0.0,0.0,0.0,0.0,0.0,0.0,0.0,0.0,0.0,0.0,0.0,0.0,0.0,0.0,0.0,0.0,0.0,0.0,0.0,0
3307,96.0,98.5,37.15,94.0,60.0,41.0,12.5,0.0,0.0,0.0,0.0,0.0,0.0,0.0,0.0,0.0,0.0,0.0,0.0,0.0,0.0,0.0,0.0,0.0,0.0,0.0,0.0,0.0,0.0,0.0,0.0,0.0,0.0,0.0,0
3307,96.0,97.5,37.1,87.0,54.0,38.0,19.0,0.0,0.0,0.0,0.0,0.0,0.0,0.0,0.0,0.0,0.0,0.0,0.0,0.0,0.0,0.0,0.0,0.0,0.0,0.0,0.0,0.0,0.0,0.0,0.0,0.0,0.0,0.0,0
3307,100.0,100.0,37.1,106.0,68.0,46.0,20.0,0.0,2.0,0.0,0.0,7.45,37.0,0.0,0.0,0.0,0.0,0.0,0.0,0.0,0.0,153.0,0.0,0.0,0.0,0.0,0.0,0.0,0.0,0.0,0.0,0.0,0.0,0.0,0
3307,104.0,96.0,37.2,94.0,59.0,41.0,19.0,0.0,0.0,0.0,0.0,0.0,0.0,0.0,0.0,0.0,0.0,0.0,0.0,0.0,0.0,0.0,0.0,0.0,0.0,0.0,0.0,0.0,0.0,0.0,0.0,0.0,0.0,0.0,0
3307,109.0,96.0,37.4,100.0,68.0,48.0,26.0,0.0,0.0,0.0,0.0,0.0,0.0,0.0,0.0,0.0,0.0,0.0,0.0,0.0,0.0,0.0,0.0,0.0,0.0,0.0,0.0,0.0,0.0,0.0,0.0,0.0,0.0,0.0,0
3307,107.0,94.0,37.2,98.0,68.0,50.0,22.0,0.0,0.0,26.0,0.0,7.39,44.0,0.0,0.0,10.0,0.0,0.0,107.0,0.7,0.0,143.0,0.0,1.7,0.0,4.2,0.0,0.0,23.8,8.1,27.4,6.1,0.0,273.0,0
3307,109.0,97.0,37.2,101.0,71.0,52.0,24.0,0.0,0.0,0.0,0.0,0.0,0.0,0.0,0.0,0.0,0.0,0.0,0.0,0.0,0.0,0.0,0.0,0.0,0.0,0.0,0.0,0.0,0.0,0.0,0.0,0.0,0.0,0.0,0
3307,109.0,96.0,37.3,97.0,70.0,52.0,26.0,0.0,0.0,0.0,0.0,0.0,0.0,0.0,0.0,0.0,0.0,0.0,0.0,0.0,0.0,0.0,0.0,0.0,0.0,0.0,0.0,0.0,0.0,0.0,0.0,0.0,0.0,0.0,0
3307,110.0,97.0,37.3,100.0,63.0,45.0,27.0,0.0,0.0,0.0,0.0,7.37,46.0,0.0,0.0,0.0,0.0,0.0,0.0,0.0,0.0,125.0,0.0,0.0,0.0,0.0,0.0,0.0,0.0,0.0,0.0,0.0,0.0,0.0,0
3307,110.0,97.0,37.3,100.0,64.0,43.0,28.0,0.0,0.0,0.0,0.0,0.0,0.0,0.0,0.0,0.0,0.0,0.0,0.0,0.0,0.0,0.0,0.0,0.0,0.0,0.0,0.0,0.0,0.0,0.0,0.0,0.0,0.0,0.0,0
3307,107.0,93.5,37.15,98.5,60.5,43.0,23.5,0.0,0.0,0.0,0.0,0.0,0.0,0.0,0.0,0.0,0.0,0.0,0.0,0.0,0.0,0.0,0.0,0.0,0.0,0.0,0.0,0.0,0.0,0.0,0.0,0.0,0.0,0.0,0
3307,102.0,98.0,37.1,106.0,71.0,53.0,24.0,0.0,0.0,0.0,0.0,0.0,0.0,0.0,0.0,0.0,0.0,0.0,0.0,0.0,0.0,0.0,0.0,0.0,0.0,0.0,0.0,0.0,0.0,0.0,0.0,0.0,0.0,0.0,0
3307,108.5,94.5,0.0,103.0,70.0,50.0,31.5,0.0,0.0,0.0,0.0,0.0,0.0,0.0,0.0,0.0,0.0,0.0,0.0,0.0,0.0,0.0,0.0,0.0,0.0,0.0,0.0,0.0,0.0,0.0,0.0,0.0,0.0,0.0,0
3307,102.0,96.5,0.0,105.75,70.67,55.5,24.5,0.0,0.0,0.0,0.0,0.0,0.0,0.0,0.0,0.0,0.0,0.0,0.0,0.0,0.0,0.0,0.0,0.0,0.0,0.0,0.0,0.0,0.0,0.0,0.0,0.0,0.0,0.0,0
3307,100.0,98.0,36.83,104.0,72.0,55.0,29.0,0.0,2.0,0.0,0.0,7.41,45.0,94.0,0.0,0.0,0.0,0.0,0.0,0.0,0.0,126.0,0.0,2.0,0.0,0.0,0.0,0.0,0.0,0.0,0.0,0.0,0.0,0.0,0
3307,103.0,97.0,0.0,106.0,67.0,58.0,32.0,0.0,0.0,0.0,0.0,0.0,0.0,0.0,0.0,0.0,0.0,0.0,0.0,0.0,0.0,0.0,0.0,0.0,0.0,0.0,0.0,0.0,0.0,0.0,0.0,0.0,0.0,0.0,0
3307,99.0,99.0,0.0,104.5,72.67,57.0,24.0,0.0,0.0,0.0,0.0,0.0,0.0,0.0,0.0,0.0,0.0,0.0,0.0,0.0,0.0,0.0,0.0,0.0,0.0,0.0,0.0,0.0,0.0,0.0,0.0,0.0,0.0,0.0,0
3307,97.0,99.0,0.0,112.0,76.0,59.0,26.0,0.0,0.0,0.0,0.0,0.0,0.0,0.0,0.0,0.0,0.0,0.0,0.0,0.0,0.0,0.0,0.0,0.0,0.0,0.0,0.0,0.0,0.0,0.0,0.0,0.0,0.0,0.0,0
3307,96.0,98.0,36.83,100.0,68.0,52.0,33.0,0.0,1.0,0.0,0.0,7.36,50.0,0.0,0.0,0.0,0.0,0.0,0.0,0.0,0.0,112.0,0.0,2.1,0.0,0.0,0.0,0.0,27.0,0.0,0.0,0.0,0.0,0.0,0
3307,96.0,98.0,0.0,96.0,68.0,53.0,29.0,0.0,0.0,0.0,0.0,0.0,0.0,0.0,0.0,0.0,0.0,0.0,0.0,0.0,0.0,0.0,0.0,0.0,0.0,0.0,0.0,0.0,0.0,0.0,0.0,0.0,0.0,0.0,0
3307,96.0,97.0,0.0,100.0,66.0,48.0,29.0,0.0,0.0,0.0,0.0,0.0,0.0,0.0,0.0,0.0,0.0,0.0,0.0,0.0,0.0,0.0,0.0,0.0,0.0,0.0,0.0,0.0,0.0,0.0,0.0,0.0,0.0,0.0,0
3307,97.0,97.0,0.0,110.0,73.0,54.0,26.0,0.0,0.0,0.0,0.0,0.0,0.0,0.0,0.0,0.0,0.0,0.0,0.0,0.0,0.0,0.0,0.0,0.0,0.0,0.0,0.0,0.0,0.0,0.0,0.0,0.0,0.0,0.0,0
3307,97.0,97.0,0.0,103.0,70.0,53.0,24.0,0.0,0.0,0.0,0.0,0.0,0.0,0.0,0.0,0.0,0.0,0.0,0.0,0.0,0.0,0.0,0.0,0.0,0.0,0.0,0.0,0.0,0.0,0.0,0.0,0.0,0.0,0.0,0
3307,99.5,98.0,0.0,117.5,76.0,55.0,27.5,0.0,0.0,0.0,0.0,0.0,0.0,0.0,0.0,0.0,0.0,0.0,0.0,0.0,0.0,0.0,0.0,0.0,0.0,0.0,0.0,0.0,0.0,0.0,0.0,0.0,0.0,0.0,0
3307,99.0,98.0,36.83,124.0,79.0,57.0,30.0,0.0,0.0,0.0,0.0,0.0,0.0,0.0,0.0,0.0,0.0,0.0,0.0,0.0,0.0,0.0,0.0,0.0,0.0,0.0,0.0,0.0,0.0,0.0,0.0,0.0,0.0,0.0,0
3307,96.0,98.0,0.0,93.0,65.0,52.0,24.0,0.0,0.0,0.0,0.0,7.37,0.0,0.0,0.0,0.0,0.0,0.0,0.0,0.0,0.0,0.0,0.0,0.0,0.0,0.0,0.0,0.0,0.0,0.0,0.0,0.0,0.0,0.0,0
3307,93.0,98.0,0.0,95.0,65.0,50.0,17.0,0.0,0.0,0.0,0.0,0.0,0.0,0.0,0.0,0.0,0.0,0.0,0.0,0.0,0.0,0.0,0.0,0.0,0.0,0.0,0.0,0.0,0.0,0.0,0.0,0.0,0.0,0.0,0
3307,92.0,98.0,36.72,96.0,66.0,50.0,18.0,0.0,0.0,0.0,0.0,0.0,0.0,0.0,0.0,0.0,0.0,0.0,0.0,0.0,0.0,0.0,0.0,0.0,0.0,0.0,0.0,0.0,0.0,0.0,0.0,0.0,0.0,0.0,0
3307,92.0,99.0,0.0,91.0,63.0,49.0,17.0,0.0,0.0,0.0,0.0,0.0,0.0,0.0,0.0,0.0,0.0,0.0,0.0,0.0,0.0,0.0,0.0,0.0,0.0,0.0,0.0,0.0,0.0,0.0,0.0,0.0,0.0,0.0,0
3307,94.0,99.0,0.0,100.0,67.0,50.0,20.0,0.0,0.0,26.0,0.0,7.36,0.0,0.0,0.0,9.0,0.0,0.0,103.0,0.7,0.0,103.0,0.0,1.8,0.0,4.2,0.0,0.0,24.4,8.2,0.0,5.4,0.0,250.0,0
