35324,0.0,0.0,0.0,0.0,0.0,0.0,0.0,0.0,0.0,0.0,0.0,0.0,0.0,0.0,0.0,0.0,0.0,0.0,0.0,0.0,0.0,0.0,0.0,0.0,0.0,0.0,0.0,0.0,0.0,0.0,0.0,0.0,0.0,0.0,0
35324,121.5,97.5,0.0,132.0,96.0,75.0,27.0,0.0,0.0,0.0,0.0,0.0,0.0,0.0,8.0,19.0,154.0,8.8,0.0,2.03,0.0,422.5,0.0,2.4,2.0,4.5,0.7,0.0,50.2,17.1,0.0,12.4,0.0,143.0,0
35324,119.0,98.0,0.0,139.0,98.0,71.0,23.0,0.0,0.0,0.0,0.0,0.0,0.0,0.0,0.0,0.0,0.0,0.0,0.0,0.0,0.0,333.0,0.0,0.0,0.0,0.0,0.0,0.0,0.0,0.0,0.0,0.0,0.0,0.0,0
35324,115.0,97.0,0.0,142.0,99.0,71.0,22.0,0.0,0.0,0.0,0.21,7.16,28.0,95.7,0.0,0.0,0.0,1.4,115.0,0.0,0.0,280.5,1.34,0.0,0.0,4.2,0.0,0.0,0.0,0.0,0.0,0.0,0.0,0.0,0
35324,106.0,97.5,37.0,136.0,100.5,77.5,22.0,0.0,0.0,0.0,0.0,0.0,0.0,0.0,0.0,0.0,0.0,0.0,0.0,0.0,0.0,227.0,0.0,0.0,0.0,0.0,0.0,0.0,0.0,0.0,0.0,0.0,0.0,0.0,0
35324,103.0,97.0,0.0,142.0,105.0,81.0,20.0,0.0,0.0,0.0,0.0,0.0,0.0,0.0,0.0,0.0,0.0,0.0,0.0,0.0,0.0,214.0,0.0,0.0,0.0,0.0,0.0,0.0,0.0,0.0,0.0,0.0,0.0,0.0,0
35324,99.0,97.0,0.0,151.0,114.0,90.0,18.0,0.0,0.0,0.0,0.0,0.0,0.0,0.0,0.0,0.0,0.0,0.0,0.0,0.0,0.0,203.0,0.0,0.0,0.0,0.0,0.0,0.0,0.0,0.0,0.0,0.0,0.0,0.0,0
35324,89.0,97.0,0.0,139.0,104.0,81.0,20.0,0.0,0.0,0.0,0.0,0.0,0.0,0.0,0.0,14.0,0.0,9.3,0.0,1.57,0.0,225.0,0.0,2.3,1.1,4.4,0.0,0.0,0.0,0.0,0.0,0.0,0.0,0.0,0
35324,90.0,97.0,36.8,136.0,99.0,78.0,18.0,0.0,0.0,0.0,0.0,0.0,0.0,0.0,0.0,0.0,0.0,0.0,0.0,0.0,0.0,261.0,0.0,0.0,0.0,0.0,0.0,0.0,0.0,0.0,0.0,0.0,0.0,0.0,0
35324,83.0,98.0,0.0,137.0,100.0,78.0,21.0,0.0,0.0,0.0,0.0,0.0,0.0,0.0,0.0,0.0,0.0,0.0,0.0,0.0,0.0,219.0,0.0,0.0,0.0,0.0,0.0,0.0,0.0,0.0,0.0,0.0,0.0,0.0,0
35324,77.0,96.0,0.0,136.0,100.0,76.0,20.0,0.0,0.0,0.0,0.0,0.0,0.0,0.0,0.0,0.0,0.0,0.0,0.0,0.0,0.0,252.0,0.0,0.0,0.0,0.0,0.0,0.0,0.0,0.0,0.0,0.0,0.0,0.0,0
35324,82.0,97.0,0.0,132.0,98.0,80.0,18.0,0.0,0.0,0.0,0.0,0.0,0.0,0.0,0.0,0.0,0.0,0.0,0.0,0.0,0.0,0.0,0.0,0.0,0.0,0.0,0.0,0.0,0.0,0.0,0.0,0.0,0.0,0.0,0
35324,86.0,96.0,0.0,139.0,105.0,83.0,20.0,0.0,0.0,0.0,0.0,0.0,0.0,0.0,0.0,11.0,0.0,9.2,0.0,1.34,0.0,203.0,0.0,2.1,0.9,4.0,0.0,0.0,0.0,0.0,0.0,0.0,0.0,0.0,0
35324,78.0,97.0,0.0,137.0,114.0,98.0,18.0,0.0,0.0,0.0,0.0,0.0,0.0,0.0,0.0,0.0,0.0,0.0,0.0,0.0,0.0,174.0,0.0,0.0,0.0,0.0,0.0,0.0,0.0,0.0,0.0,0.0,0.0,0.0,0
35324,74.0,96.0,0.0,145.0,105.0,78.0,20.0,0.0,0.0,0.0,0.0,0.0,0.0,0.0,0.0,10.0,0.0,8.8,0.0,1.19,0.0,204.0,0.0,1.8,0.8,3.7,0.0,0.0,0.0,0.0,0.0,0.0,0.0,0.0,0
35324,84.0,98.5,0.0,137.0,100.5,77.0,18.0,0.0,0.0,0.0,0.0,0.0,0.0,0.0,0.0,0.0,0.0,0.0,0.0,0.0,0.0,0.0,0.0,0.0,0.0,0.0,0.0,0.0,0.0,0.0,0.0,0.0,0.0,0.0,0
35324,78.0,99.0,0.0,140.0,98.0,71.0,19.0,0.0,0.0,0.0,0.0,0.0,0.0,0.0,0.0,0.0,0.0,0.0,0.0,0.0,0.0,145.0,0.0,0.0,0.0,0.0,0.0,0.0,0.0,0.0,0.0,0.0,0.0,0.0,0
35324,75.0,97.0,0.0,134.0,96.0,73.0,16.0,0.0,0.0,0.0,0.0,0.0,0.0,0.0,0.0,0.0,0.0,0.0,0.0,0.0,0.0,128.0,0.0,0.0,0.0,0.0,0.0,0.0,0.0,0.0,0.0,0.0,0.0,0.0,0
35324,72.5,99.0,0.0,137.0,97.0,71.0,18.0,0.0,0.0,0.0,0.0,0.0,0.0,0.0,0.0,0.0,0.0,0.0,0.0,0.0,0.0,111.0,0.0,0.0,0.0,0.0,0.0,0.0,0.0,0.0,0.0,0.0,0.0,0.0,0
35324,90.0,89.0,0.0,160.0,113.0,81.0,20.0,0.0,0.0,0.0,0.0,0.0,0.0,0.0,0.0,0.0,0.0,0.0,0.0,0.0,0.0,150.0,0.0,0.0,0.0,0.0,0.0,0.0,0.0,0.0,0.0,0.0,0.0,0.0,0
35324,83.0,97.0,0.0,141.0,99.0,77.0,22.0,0.0,0.0,0.0,0.0,0.0,0.0,0.0,10.0,8.5,112.0,8.95,0.0,1.21,0.0,301.5,0.0,1.7,0.7,3.7,0.8,0.0,39.8,14.3,0.0,7.2,0.0,107.0,0
35324,79.0,99.0,0.0,130.0,97.0,76.0,24.0,0.0,0.0,0.0,0.0,0.0,0.0,0.0,0.0,0.0,0.0,0.0,0.0,0.0,0.0,265.0,0.0,0.0,0.0,0.0,0.0,0.0,0.0,0.0,0.0,0.0,0.0,0.0,0
35324,89.0,95.0,0.0,137.0,100.0,79.0,19.0,0.0,0.0,0.0,0.0,0.0,0.0,0.0,0.0,0.0,0.0,0.0,0.0,0.0,0.0,363.0,0.0,0.0,0.0,0.0,0.0,0.0,0.0,0.0,0.0,0.0,0.0,0.0,0
35324,74.5,98.0,0.0,123.0,96.0,78.5,15.0,0.0,0.0,0.0,0.0,0.0,0.0,0.0,0.0,0.0,0.0,0.0,0.0,0.0,0.0,240.0,0.0,0.0,0.0,0.0,0.0,0.0,0.0,0.0,0.0,0.0,0.0,0.0,0
35324,65.5,96.0,0.0,130.0,89.5,64.0,16.0,0.0,0.0,0.0,0.0,0.0,0.0,0.0,0.0,0.0,0.0,0.0,0.0,0.0,0.0,233.0,0.0,0.0,0.0,0.0,0.0,0.0,0.0,0.0,0.0,0.0,0.0,0.0,0
35324,68.5,96.5,0.0,124.5,85.5,62.5,15.0,0.0,0.0,0.0,0.0,0.0,0.0,0.0,0.0,0.0,0.0,0.0,0.0,0.0,0.0,0.0,0.0,0.0,0.0,0.0,0.0,0.0,0.0,0.0,0.0,0.0,0.0,0.0,0
35324,69.0,96.5,0.0,120.0,86.5,65.0,16.0,0.0,0.0,0.0,0.0,0.0,0.0,0.0,0.0,0.0,0.0,0.0,0.0,0.0,0.0,142.0,0.0,0.0,0.0,0.0,0.0,0.0,0.0,0.0,0.0,0.0,0.0,0.0,0
35324,68.0,97.0,0.0,130.0,94.0,71.0,18.0,0.0,0.0,0.0,0.0,0.0,0.0,0.0,0.0,0.0,0.0,0.0,0.0,0.0,0.0,0.0,0.0,0.0,0.0,0.0,0.0,0.0,0.0,0.0,0.0,0.0,0.0,0.0,0
35324,72.0,99.5,36.8,138.0,104.0,81.0,20.0,0.0,0.0,0.0,0.0,0.0,0.0,0.0,0.0,0.0,0.0,0.0,0.0,0.0,0.0,151.0,0.0,0.0,0.0,0.0,0.0,0.0,0.0,0.0,0.0,0.0,0.0,0.0,0
35324,84.0,100.0,0.0,137.0,104.0,84.0,18.0,0.0,0.0,0.0,0.0,0.0,0.0,0.0,0.0,8.0,0.0,9.1,0.0,1.21,0.0,230.0,0.0,0.0,0.0,3.5,0.0,0.0,0.0,0.0,0.0,0.0,0.0,0.0,0
35324,81.0,96.0,0.0,127.0,84.0,58.0,20.0,0.0,0.0,0.0,0.0,0.0,0.0,0.0,0.0,0.0,0.0,0.0,0.0,0.0,0.0,0.0,0.0,0.0,0.0,0.0,0.0,0.0,0.0,0.0,0.0,0.0,0.0,0.0,0
35324,93.0,100.0,0.0,147.0,98.0,68.0,18.0,0.0,0.0,0.0,0.0,0.0,0.0,0.0,0.0,0.0,0.0,0.0,0.0,0.0,0.0,0.0,0.0,0.0,0.0,0.0,0.0,0.0,0.0,0.0,0.0,0.0,0.0,0.0,0
35324,79.0,98.0,37.0,140.0,92.0,65.0,21.0,0.0,0.0,0.0,0.0,0.0,0.0,0.0,0.0,0.0,0.0,0.0,0.0,0.0,0.0,376.0,0.0,0.0,0.0,0.0,0.0,0.0,0.0,0.0,0.0,0.0,0.0,0.0,0
35324,66.0,98.0,0.0,129.0,91.0,66.0,20.0,0.0,0.0,0.0,0.0,0.0,0.0,0.0,0.0,0.0,0.0,0.0,0.0,0.0,0.0,0.0,0.0,0.0,0.0,0.0,0.0,0.0,0.0,0.0,0.0,0.0,0.0,0.0,0
