39590,0.0,0.0,0.0,0.0,0.0,0.0,0.0,0.0,0.0,0.0,0.0,0.0,0.0,0.0,0.0,0.0,0.0,0.0,0.0,0.0,0.0,0.0,0.0,0.0,0.0,0.0,0.0,0.0,0.0,0.0,0.0,0.0,0.0,0.0,0
39590,90.0,100.0,36.4,142.0,99.0,75.0,10.0,0.0,0.0,0.0,0.4,7.36,39.6,97.2,0.0,0.0,0.0,1.18,0.0,0.0,0.0,200.0,2.16,0.0,0.0,4.35,0.0,0.0,0.0,0.0,0.0,0.0,0.0,0.0,0
39590,90.0,100.0,37.1,144.0,95.0,69.0,12.0,0.0,0.0,0.0,0.0,0.0,0.0,0.0,0.0,0.0,0.0,0.0,0.0,0.0,0.0,141.0,0.0,0.0,0.0,0.0,0.0,0.0,0.0,0.0,0.0,0.0,0.0,0.0,0
39590,90.0,99.5,36.9,149.0,100.0,74.0,13.5,0.0,0.0,0.0,0.4,7.36,39.4,96.7,0.0,0.0,0.0,1.33,0.0,0.0,0.0,143.0,2.45,0.0,0.0,4.17,0.0,0.0,0.0,0.0,0.0,0.0,0.0,0.0,0
39590,90.0,100.0,36.8,157.0,106.0,80.0,17.0,0.0,0.0,0.0,0.0,0.0,0.0,0.0,0.0,0.0,0.0,0.0,0.0,0.0,0.0,126.0,0.0,0.0,0.0,0.0,0.0,0.0,0.0,0.0,0.0,0.0,0.0,0.0,0
39590,90.0,99.5,36.2,143.0,98.0,74.0,14.5,0.0,0.0,0.0,0.4,7.34,44.7,97.7,0.0,0.0,0.0,1.33,0.0,0.0,0.0,101.0,1.94,0.0,0.0,4.74,0.0,0.0,0.0,0.0,0.0,0.0,0.0,0.0,0
39590,0.0,0.0,0.0,0.0,0.0,0.0,0.0,0.0,0.0,0.0,0.0,0.0,0.0,0.0,0.0,0.0,0.0,0.0,0.0,0.0,0.0,122.0,0.0,0.0,0.0,0.0,0.0,0.0,0.0,0.0,0.0,0.0,0.0,0.0,0
39590,90.0,100.0,35.95,142.0,96.5,72.5,13.0,0.0,0.0,0.0,0.0,0.0,0.0,0.0,0.0,0.0,0.0,0.0,0.0,0.0,0.0,125.0,0.0,0.0,0.0,0.0,0.0,0.0,0.0,0.0,0.0,0.0,0.0,0.0,0
39590,90.0,99.0,36.0,133.0,91.0,70.0,13.0,0.0,0.0,0.0,0.0,0.0,0.0,0.0,0.0,0.0,0.0,0.0,0.0,0.0,0.0,0.0,0.0,0.0,0.0,0.0,0.0,0.0,0.0,0.0,0.0,0.0,0.0,0.0,0
39590,90.0,99.5,35.9,153.0,106.0,79.0,13.0,0.0,0.0,0.0,0.0,0.0,0.0,0.0,0.0,0.0,0.0,0.0,0.0,0.0,0.0,144.0,0.0,0.0,0.0,0.0,0.0,0.0,0.0,0.0,0.0,0.0,0.0,0.0,0
39590,90.0,100.0,35.9,154.0,104.0,78.0,12.0,0.0,0.0,0.0,0.0,0.0,0.0,0.0,0.0,0.0,0.0,0.0,0.0,0.0,0.0,134.0,0.0,0.0,0.0,0.0,0.0,0.0,0.0,0.0,0.0,0.0,0.0,0.0,0
39590,90.0,100.0,36.1,160.0,110.0,83.0,12.0,0.0,0.0,0.0,0.0,0.0,0.0,0.0,0.0,22.0,0.0,9.3,0.0,0.82,0.0,150.0,0.0,2.4,0.0,4.9,0.0,0.0,30.0,9.8,0.0,12.0,0.0,143.0,0
39590,90.0,100.0,36.05,159.5,109.0,83.0,14.0,0.0,0.0,0.0,0.0,0.0,0.0,0.0,0.0,0.0,0.0,0.0,0.0,0.0,0.0,128.0,0.0,0.0,0.0,0.0,0.0,0.0,0.0,0.0,0.0,0.0,0.0,0.0,0
39590,90.0,100.0,36.1,160.0,109.0,83.0,12.0,0.0,0.0,0.0,0.0,0.0,0.0,0.0,0.0,0.0,0.0,0.0,0.0,0.0,0.0,0.0,0.0,0.0,0.0,0.0,0.0,0.0,0.0,0.0,0.0,0.0,0.0,0.0,0
39590,90.0,100.0,36.2,178.0,121.5,92.0,13.5,0.0,0.0,0.0,0.0,0.0,0.0,0.0,0.0,0.0,0.0,0.0,0.0,0.0,0.0,131.0,0.0,0.0,0.0,0.0,0.0,0.0,0.0,0.0,0.0,0.0,0.0,0.0,0
39590,90.0,99.5,36.3,171.5,114.0,84.5,14.0,0.0,0.0,0.0,0.0,0.0,0.0,0.0,0.0,0.0,0.0,0.0,0.0,0.0,0.0,138.0,0.0,0.0,0.0,0.0,0.0,0.0,0.0,0.0,0.0,0.0,0.0,0.0,0
39590,90.0,100.0,36.6,136.0,0.0,91.0,16.0,0.0,0.0,0.0,0.0,0.0,0.0,0.0,0.0,0.0,0.0,0.0,0.0,0.0,0.0,0.0,0.0,0.0,0.0,0.0,0.0,0.0,0.0,0.0,0.0,0.0,0.0,0.0,0
39590,90.0,99.5,36.6,163.0,106.0,79.0,15.0,0.0,0.0,0.0,0.0,0.0,0.0,0.0,0.0,0.0,0.0,0.0,0.0,0.0,0.0,0.0,0.0,0.0,0.0,0.0,0.0,0.0,0.0,0.0,0.0,0.0,0.0,0.0,0
