39645,0.0,0.0,0.0,0.0,0.0,0.0,0.0,0.0,0.0,0.0,0.0,0.0,0.0,0.0,0.0,0.0,0.0,0.0,0.0,0.0,0.0,0.0,0.0,0.0,0.0,0.0,0.0,0.0,0.0,0.0,0.0,0.0,0.0,0.0,0
39645,142.0,97.0,35.9,106.0,69.0,62.0,14.5,0.0,0.0,0.0,0.0,0.0,0.0,0.0,0.0,0.0,0.0,0.0,0.0,0.0,0.0,0.0,0.0,0.0,0.0,0.0,0.0,0.0,0.0,0.0,0.0,0.0,0.0,0.0,0
39645,120.0,100.0,0.0,85.5,64.5,56.0,21.0,0.0,0.0,0.0,0.0,0.0,0.0,0.0,0.0,0.0,0.0,0.0,0.0,0.0,0.0,0.0,0.0,0.0,0.0,0.0,0.0,0.0,0.0,0.0,0.0,0.0,0.0,0.0,0
39645,112.0,96.0,0.0,86.0,65.0,58.0,20.0,0.0,0.0,0.0,0.0,0.0,0.0,0.0,0.0,0.0,0.0,0.0,0.0,0.0,0.0,0.0,0.0,0.0,0.0,0.0,0.0,0.0,0.0,0.0,0.0,0.0,0.0,0.0,0
39645,121.0,92.0,0.0,89.0,43.0,76.0,22.0,0.0,0.0,0.0,0.0,0.0,0.0,0.0,0.0,0.0,0.0,0.0,0.0,0.0,0.0,0.0,0.0,0.0,0.0,0.0,0.0,0.0,0.0,0.0,0.0,0.0,0.0,0.0,0
39645,147.0,89.0,0.0,107.0,42.0,64.0,19.0,0.0,0.0,0.0,0.0,0.0,0.0,0.0,0.0,0.0,0.0,0.0,0.0,0.0,0.0,0.0,0.0,0.0,0.0,0.0,0.0,0.0,0.0,0.0,0.0,0.0,0.0,0.0,0
39645,110.5,94.0,0.0,77.0,54.0,47.0,20.0,0.0,0.0,0.0,0.0,0.0,0.0,0.0,0.0,0.0,0.0,0.0,0.0,0.0,0.0,0.0,0.0,0.0,0.0,0.0,0.0,0.0,0.0,0.0,0.0,0.0,0.0,0.0,0
39645,118.0,93.5,36.1,99.0,72.5,60.0,17.0,0.0,0.0,0.0,0.0,0.0,0.0,0.0,19.0,125.0,104.0,7.7,0.0,9.69,0.0,114.0,0.0,3.1,12.6,5.4,0.6,0.0,23.3,7.5,0.0,5.0,0.0,177.0,0
39645,115.0,99.0,0.0,97.0,67.0,51.0,19.0,0.0,0.0,0.0,0.0,0.0,0.0,0.0,0.0,0.0,0.0,0.0,0.0,0.0,0.0,0.0,0.0,0.0,0.0,0.0,0.0,0.0,0.0,0.0,0.0,0.0,0.0,0.0,0
39645,135.0,95.0,35.9,103.0,76.0,61.0,20.0,0.0,0.0,0.0,0.0,0.0,0.0,0.0,0.0,0.0,0.0,0.0,0.0,0.0,0.0,0.0,0.0,0.0,0.0,0.0,0.0,0.0,0.0,0.0,0.0,0.0,0.0,0.0,0
39645,118.0,95.0,35.9,90.0,64.0,50.0,23.0,0.0,0.0,0.0,0.0,0.0,0.0,0.0,0.0,0.0,0.0,0.0,0.0,0.0,0.0,0.0,0.0,0.0,0.0,0.0,0.0,0.0,0.0,0.0,0.0,0.0,0.0,0.0,0
39645,135.0,90.0,36.2,87.0,64.0,51.0,21.0,0.0,0.0,0.0,0.0,0.0,0.0,0.0,0.0,0.0,0.0,0.0,0.0,0.0,0.0,0.0,0.0,0.0,0.0,0.0,0.0,0.0,0.0,0.0,0.0,0.0,0.0,0.0,0
39645,135.0,97.0,0.0,88.0,63.0,50.0,19.0,0.0,0.0,0.0,0.0,0.0,0.0,0.0,0.0,0.0,0.0,0.0,0.0,0.0,0.0,0.0,0.0,0.0,0.0,0.0,0.0,0.0,0.0,0.0,0.0,0.0,0.0,0.0,1
39645,122.5,97.0,36.1,87.5,64.0,51.0,18.5,0.0,0.0,0.0,0.0,0.0,0.0,0.0,0.0,0.0,0.0,0.0,0.0,0.0,0.0,0.0,0.0,0.0,0.0,0.0,0.0,0.0,0.0,0.0,0.0,0.0,0.0,0.0,1
39645,101.5,97.0,36.3,99.0,71.0,56.0,15.0,0.0,0.0,0.0,0.0,0.0,0.0,0.0,0.0,0.0,0.0,0.0,0.0,0.0,0.0,0.0,0.0,0.0,0.0,0.0,0.0,0.0,0.0,0.0,0.0,0.0,0.0,0.0,1
39645,99.0,94.5,0.0,90.0,65.0,52.0,17.0,0.0,0.0,0.0,0.0,0.0,0.0,0.0,0.0,94.0,0.0,8.2,0.0,7.08,0.0,123.0,0.0,2.7,0.0,4.6,0.0,0.0,23.4,7.6,0.0,5.7,0.0,146.0,1
39645,97.5,92.0,0.0,95.0,69.0,54.0,16.0,0.0,0.0,0.0,0.0,0.0,0.0,0.0,0.0,0.0,0.0,0.0,0.0,0.0,0.0,0.0,0.0,0.0,0.0,0.0,0.0,0.0,0.0,0.0,0.0,0.0,0.0,0.0,1
39645,106.0,93.0,36.3,93.0,70.0,56.0,17.0,0.0,0.0,0.0,0.7,7.19,47.5,98.0,0.0,0.0,0.0,1.09,0.0,0.0,0.0,0.0,1.48,0.0,0.0,4.59,0.0,0.0,0.0,0.0,0.0,0.0,0.0,0.0,1
39645,102.0,89.5,0.0,98.0,73.0,58.0,15.0,0.0,0.0,0.0,0.0,0.0,0.0,0.0,0.0,0.0,0.0,0.0,0.0,0.0,0.0,0.0,0.0,0.0,0.0,0.0,0.0,0.0,0.0,0.0,0.0,0.0,0.0,0.0,1
39645,94.0,97.0,0.0,98.0,72.0,58.0,15.0,0.0,0.0,0.0,0.0,0.0,0.0,0.0,0.0,0.0,0.0,0.0,0.0,0.0,0.0,0.0,0.0,0.0,0.0,0.0,0.0,0.0,0.0,0.0,0.0,0.0,0.0,0.0,1
39645,104.0,98.0,0.0,94.0,71.0,56.0,17.0,0.0,0.0,0.0,0.0,0.0,0.0,0.0,20.0,80.0,108.0,8.7,0.0,6.01,0.0,117.0,0.0,2.5,7.9,4.4,0.8,0.0,22.7,7.5,0.0,5.9,0.0,137.0,1
39645,92.0,99.0,35.6,99.0,72.0,55.0,18.0,0.0,0.0,0.0,0.4,7.22,44.7,98.7,0.0,0.0,0.0,1.12,0.0,0.0,0.0,0.0,2.13,0.0,0.0,4.47,0.0,0.0,0.0,0.0,0.0,0.0,0.0,0.0,1
