39865,0.0,0.0,0.0,0.0,0.0,0.0,0.0,0.0,0.0,0.0,0.0,0.0,0.0,0.0,0.0,0.0,0.0,0.0,0.0,0.0,0.0,0.0,0.0,0.0,0.0,0.0,0.0,0.0,0.0,0.0,0.0,0.0,0.0,0.0,0
39865,95.0,99.0,36.5,115.0,83.0,69.0,15.0,31.0,0.0,0.0,0.0,0.0,0.0,0.0,0.0,0.0,0.0,0.0,0.0,0.0,0.0,119.0,0.0,0.0,0.0,0.0,0.0,0.0,0.0,0.0,0.0,0.0,0.0,0.0,0
39865,103.0,100.0,37.1,95.0,74.0,62.0,23.5,32.0,0.0,0.0,0.0,0.0,0.0,0.0,0.0,0.0,0.0,0.0,0.0,0.0,0.0,0.0,0.0,0.0,0.0,0.0,0.0,0.0,0.0,0.0,0.0,0.0,0.0,0.0,0
39865,101.0,100.0,37.0,109.0,82.0,68.0,15.5,28.0,0.0,0.0,0.4,7.29,42.0,98.6,0.0,0.0,0.0,1.1,0.0,0.0,0.0,153.0,2.64,0.0,0.0,4.5,0.0,0.0,0.0,0.0,0.0,0.0,0.0,0.0,0
39865,100.0,100.0,37.0,94.0,72.0,59.0,22.0,33.0,0.0,0.0,0.0,0.0,0.0,0.0,0.0,0.0,0.0,0.0,0.0,0.0,0.0,153.0,0.0,0.0,0.0,0.0,0.0,0.0,0.0,0.0,0.0,0.0,0.0,0.0,0
39865,101.0,100.0,36.9,113.0,78.0,61.0,25.0,32.0,0.0,0.0,0.0,0.0,0.0,0.0,0.0,0.0,0.0,0.0,0.0,0.0,0.0,0.0,0.0,0.0,0.0,0.0,0.0,0.0,0.0,0.0,0.0,0.0,0.0,0.0,0
39865,99.0,100.0,37.2,111.0,77.0,59.0,25.0,32.0,0.0,0.0,0.4,7.28,42.0,98.3,0.0,0.0,0.0,1.14,0.0,0.0,0.0,152.5,2.87,0.0,0.0,3.85,0.0,0.0,0.0,0.0,0.0,0.0,0.0,0.0,0
39865,98.0,100.0,37.2,128.0,87.0,66.0,23.0,34.0,0.0,0.0,0.35,7.31,37.0,97.5,0.0,0.0,0.0,1.24,0.0,0.0,0.0,180.5,3.41,0.0,0.0,4.4,0.0,0.0,0.0,0.0,0.0,0.0,0.0,0.0,0
39865,104.0,100.0,37.3,139.0,91.0,70.0,26.0,32.0,0.0,0.0,0.0,0.0,0.0,0.0,0.0,0.0,0.0,0.0,0.0,0.0,0.0,195.0,0.0,0.0,0.0,0.0,0.0,0.0,0.0,0.0,0.0,0.0,0.0,0.0,0
39865,110.0,100.0,37.3,150.0,96.0,72.0,25.0,0.0,0.0,0.0,0.0,0.0,0.0,0.0,0.0,0.0,0.0,0.0,0.0,0.0,0.0,205.0,0.0,0.0,0.0,0.0,0.0,0.0,0.0,0.0,0.0,0.0,0.0,0.0,0
39865,101.0,99.5,37.15,147.0,93.5,69.5,26.0,0.0,0.0,0.0,0.0,0.0,0.0,0.0,0.0,7.0,0.0,8.5,0.0,1.0,0.0,191.0,0.0,1.7,3.8,4.4,0.0,0.0,28.9,9.7,0.0,19.9,0.0,97.0,0
39865,100.0,100.0,37.1,140.0,91.0,69.0,25.0,0.0,0.0,0.0,0.0,0.0,0.0,0.0,0.0,0.0,0.0,0.0,0.0,0.0,0.0,187.0,0.0,0.0,0.0,0.0,0.0,0.0,0.0,0.0,0.0,0.0,0.0,0.0,0
39865,101.0,100.0,37.1,144.0,91.0,68.0,24.0,0.0,0.0,0.0,0.0,0.0,0.0,0.0,0.0,0.0,0.0,0.0,0.0,0.0,0.0,0.0,0.0,0.0,0.0,0.0,0.0,0.0,0.0,0.0,0.0,0.0,0.0,0.0,0
39865,100.0,99.0,37.1,117.0,78.0,58.5,24.0,0.0,0.0,0.0,0.36,7.37,38.0,98.2,0.0,0.0,0.0,1.21,0.0,0.0,0.0,188.0,2.34,0.0,0.0,4.1,0.0,0.0,0.0,0.0,0.0,0.0,0.0,0.0,0
39865,99.0,98.0,37.1,132.0,80.0,59.0,25.0,0.0,0.0,0.0,0.0,0.0,0.0,0.0,0.0,0.0,0.0,0.0,0.0,0.0,0.0,0.0,0.0,0.0,0.0,0.0,0.0,0.0,0.0,0.0,0.0,0.0,0.0,0.0,0
39865,98.0,97.5,37.05,123.5,78.0,58.0,30.0,0.0,0.0,0.0,0.0,0.0,0.0,0.0,0.0,0.0,0.0,0.0,0.0,0.0,0.0,167.0,0.0,0.0,0.0,0.0,0.0,0.0,0.0,0.0,0.0,0.0,0.0,0.0,0
39865,92.5,97.5,37.0,113.5,72.5,55.0,21.5,0.0,0.0,0.0,0.0,0.0,0.0,0.0,0.0,0.0,0.0,1.13,0.0,0.0,0.0,130.5,2.46,0.0,0.0,3.4,0.0,0.0,0.0,0.0,0.0,0.0,0.0,0.0,0
39865,91.0,98.0,37.0,97.0,65.0,48.0,19.0,0.0,0.0,0.0,0.0,0.0,0.0,0.0,0.0,0.0,0.0,0.0,0.0,0.0,0.0,0.0,0.0,0.0,0.0,0.0,0.0,0.0,0.0,0.0,0.0,0.0,0.0,0.0,0
39865,97.0,99.0,37.0,98.0,69.0,54.0,22.0,0.0,0.0,0.0,0.0,0.0,0.0,0.0,0.0,0.0,0.0,0.0,0.0,0.0,0.0,0.0,0.0,0.0,0.0,0.0,0.0,0.0,0.0,0.0,0.0,0.0,0.0,0.0,0
39865,97.5,96.5,36.85,92.5,65.5,51.5,28.0,0.0,0.0,0.0,0.0,0.0,0.0,0.0,0.0,0.0,0.0,0.0,0.0,0.0,0.0,67.0,0.0,0.0,0.0,0.0,0.0,0.0,0.0,0.0,0.0,0.0,0.0,0.0,0
39865,100.5,98.0,37.3,114.0,71.5,54.5,28.0,0.0,0.0,0.0,0.0,0.0,0.0,0.0,0.0,0.0,0.0,0.0,0.0,0.0,0.0,72.0,0.0,0.0,0.0,0.0,0.0,0.0,0.0,0.0,0.0,0.0,0.0,0.0,0
39865,108.0,98.5,37.3,98.0,68.0,53.0,30.0,0.0,0.0,0.0,0.0,0.0,0.0,0.0,0.0,0.0,0.0,0.0,0.0,0.0,0.0,91.0,0.0,0.0,0.0,0.0,0.0,0.0,0.0,0.0,0.0,0.0,0.0,0.0,0
39865,106.5,98.5,37.2,105.5,66.5,50.5,16.5,0.0,0.0,0.0,0.0,0.0,0.0,0.0,0.0,0.0,0.0,0.0,0.0,0.0,0.0,0.0,0.0,0.0,0.0,0.0,0.0,0.0,0.0,0.0,0.0,0.0,0.0,0.0,0
39865,108.0,97.0,37.2,97.0,65.0,50.0,26.0,0.0,0.0,0.0,0.0,0.0,0.0,0.0,0.0,0.0,0.0,0.0,0.0,0.0,0.0,105.0,0.0,0.0,0.0,0.0,0.0,0.0,0.0,0.0,0.0,0.0,0.0,0.0,0
39865,108.0,96.0,37.0,115.5,73.0,54.5,30.0,0.0,0.0,0.0,0.0,0.0,0.0,0.0,0.0,6.0,0.0,7.6,0.0,0.93,0.0,112.0,0.0,0.0,0.0,4.0,0.0,0.0,26.2,8.7,0.0,29.9,0.0,95.0,0
39865,112.0,96.0,37.0,113.0,82.0,64.0,36.0,0.0,0.0,0.0,0.0,0.0,0.0,0.0,0.0,0.0,0.0,0.0,0.0,0.0,0.0,123.0,0.0,0.0,0.0,0.0,0.0,0.0,0.0,0.0,0.0,0.0,0.0,0.0,0
39865,111.5,95.0,37.2,101.5,76.0,63.0,30.5,0.0,0.0,0.0,0.0,0.0,0.0,0.0,0.0,0.0,0.0,1.15,0.0,0.0,0.0,125.0,1.37,0.0,0.0,3.8,0.0,0.0,0.0,0.0,0.0,0.0,0.0,0.0,0
39865,113.0,95.0,37.3,97.0,75.0,60.0,26.0,0.0,0.0,0.0,0.0,0.0,0.0,0.0,0.0,0.0,0.0,0.0,0.0,0.0,0.0,0.0,0.0,0.0,0.0,0.0,0.0,0.0,0.0,0.0,0.0,0.0,0.0,0.0,0
39865,106.0,96.0,37.3,100.0,71.0,53.0,27.0,0.0,0.0,0.0,0.0,0.0,0.0,0.0,0.0,0.0,0.0,0.0,0.0,0.0,0.0,130.0,0.0,0.0,0.0,0.0,0.0,0.0,0.0,0.0,0.0,0.0,0.0,0.0,0
39865,106.0,95.0,37.3,106.0,71.0,55.0,27.0,0.0,0.0,0.0,0.0,0.0,0.0,0.0,0.0,0.0,0.0,0.0,0.0,0.0,0.0,0.0,0.0,0.0,0.0,0.0,0.0,0.0,0.0,0.0,0.0,0.0,0.0,0.0,0
39865,106.0,94.0,37.5,119.0,77.0,59.0,25.0,0.0,0.0,0.0,0.0,0.0,0.0,0.0,0.0,0.0,0.0,0.0,0.0,0.0,0.0,126.0,0.0,0.0,0.0,0.0,0.0,0.0,0.0,0.0,0.0,0.0,0.0,0.0,0
39865,106.0,95.0,37.5,116.0,77.0,60.0,25.0,0.0,0.0,0.0,0.0,0.0,0.0,0.0,0.0,0.0,0.0,0.0,0.0,0.0,0.0,0.0,0.0,0.0,0.0,0.0,0.0,0.0,0.0,0.0,0.0,0.0,0.0,0.0,0
39865,107.0,95.0,37.5,120.0,77.0,59.0,23.0,0.0,0.0,0.0,0.0,0.0,0.0,0.0,0.0,0.0,0.0,0.0,0.0,0.0,0.0,0.0,0.0,0.0,0.0,0.0,0.0,0.0,0.0,0.0,0.0,0.0,0.0,0.0,0
39865,107.0,94.0,37.5,120.0,79.0,62.0,23.0,0.0,0.0,0.0,0.0,0.0,0.0,0.0,0.0,0.0,0.0,0.0,0.0,0.0,0.0,128.0,0.0,0.0,0.0,0.0,0.0,0.0,0.0,0.0,0.0,0.0,0.0,0.0,0
39865,109.0,94.0,37.5,115.0,76.0,58.0,20.0,0.0,0.0,0.0,0.0,0.0,0.0,0.0,0.0,9.0,0.0,7.9,0.0,1.03,0.0,135.0,0.0,1.9,0.0,3.7,0.0,0.0,27.5,9.0,0.0,36.8,0.0,95.0,0
39865,109.0,94.0,0.0,116.0,77.0,61.0,20.0,0.0,0.0,0.0,0.0,0.0,0.0,0.0,0.0,0.0,0.0,0.0,0.0,0.0,0.0,0.0,0.0,0.0,0.0,0.0,0.0,0.0,0.0,0.0,0.0,0.0,0.0,0.0,0
39865,111.0,93.0,37.5,94.0,67.0,53.0,22.0,0.0,0.0,0.0,0.0,0.0,0.0,0.0,0.0,0.0,0.0,0.0,0.0,0.0,0.0,0.0,0.0,0.0,0.0,0.0,0.0,0.0,0.0,0.0,0.0,0.0,0.0,0.0,0
39865,108.0,95.0,37.5,118.0,76.0,59.0,23.0,0.0,0.0,0.0,0.0,0.0,0.0,0.0,0.0,0.0,0.0,0.0,0.0,0.0,0.0,0.0,0.0,0.0,0.0,0.0,0.0,0.0,0.0,0.0,0.0,0.0,0.0,0.0,0
