4546,88.0,98.0,0.0,107.0,64.0,48.0,10.0,0.0,-4.0,0.0,1.0,7.34,39.0,0.0,0.0,0.0,0.0,0.0,0.0,0.0,0.0,97.0,0.0,0.0,0.0,0.0,0.0,0.0,28.0,9.2,39.4,0.0,0.0,143.0,0
4546,88.0,100.0,35.5,119.0,81.0,59.0,10.0,0.0,-2.0,0.0,0.0,7.36,39.0,98.0,0.0,0.0,0.0,0.0,0.0,0.0,0.0,75.0,0.0,0.0,0.0,0.0,0.0,0.0,32.0,10.8,0.0,0.0,0.0,0.0,0
4546,88.0,100.0,35.7,92.0,64.0,49.0,10.0,0.0,-2.0,0.0,0.0,7.43,31.0,0.0,0.0,0.0,0.0,0.0,0.0,0.0,0.0,107.0,0.0,0.0,0.0,0.0,0.0,0.0,29.0,9.8,0.0,0.0,0.0,0.0,0
4546,88.0,98.0,35.8,93.0,66.0,53.0,10.0,0.0,0.0,0.0,0.0,0.0,0.0,0.0,0.0,0.0,0.0,0.0,0.0,0.0,0.0,0.0,0.0,0.0,0.0,0.0,0.0,0.0,0.0,0.0,0.0,0.0,0.0,0.0,0
4546,88.0,99.5,36.1,103.0,78.5,63.5,12.0,0.0,0.0,0.0,0.0,7.41,0.0,0.0,0.0,0.0,0.0,0.0,0.0,0.0,0.0,162.0,0.0,0.0,0.0,0.0,0.0,12.7,30.0,10.1,0.0,0.0,0.0,0.0,0
4546,89.0,100.0,36.1,98.0,76.0,63.0,23.0,0.0,0.0,0.0,0.0,0.0,0.0,0.0,0.0,0.0,0.0,0.0,0.0,0.0,0.0,0.0,0.0,0.0,0.0,0.0,0.0,0.0,0.0,0.0,0.0,0.0,0.0,0.0,0
4546,88.0,100.0,36.4,100.0,72.0,57.0,19.0,0.0,-5.0,0.0,0.5,7.38,30.0,98.0,0.0,0.0,0.0,0.0,0.0,0.0,0.0,0.0,0.0,0.0,0.0,0.0,0.0,0.0,0.0,0.0,0.0,0.0,0.0,0.0,0
4546,88.0,100.0,36.5,116.0,83.0,62.0,20.0,0.0,0.0,0.0,0.0,0.0,0.0,0.0,0.0,0.0,0.0,0.0,0.0,0.0,0.0,0.0,0.0,0.0,0.0,0.0,0.0,0.0,0.0,0.0,0.0,0.0,0.0,0.0,0
4546,88.0,100.0,36.5,101.0,73.0,55.0,21.0,0.0,0.0,0.0,0.0,0.0,0.0,0.0,0.0,0.0,0.0,0.0,0.0,0.0,0.0,200.0,0.0,0.0,0.0,0.0,0.0,10.1,0.0,0.0,0.0,0.0,0.0,0.0,0
4546,88.0,98.0,36.5,90.5,61.0,47.0,21.5,0.0,0.0,0.0,0.0,0.0,0.0,0.0,0.0,0.0,0.0,0.0,0.0,0.0,0.0,0.0,0.0,0.0,0.0,0.0,0.0,0.0,0.0,0.0,0.0,0.0,0.0,0.0,0
4546,88.0,100.0,36.6,102.0,68.0,51.0,19.0,0.0,0.0,0.0,0.0,7.46,0.0,0.0,0.0,0.0,0.0,0.0,0.0,0.0,0.0,177.0,0.0,0.0,0.0,0.0,0.0,0.0,23.0,7.7,0.0,13.2,0.0,110.0,0
4546,88.0,100.0,36.75,96.5,67.5,53.0,18.0,0.0,0.0,0.0,0.7,0.0,0.0,0.0,0.0,0.0,0.0,0.0,0.0,0.0,0.0,0.0,0.0,0.0,0.0,0.0,0.0,0.0,0.0,0.0,0.0,0.0,0.0,0.0,0
4546,88.0,99.0,36.8,108.0,71.0,53.0,22.0,0.0,0.0,21.0,0.0,0.0,0.0,0.0,0.0,10.0,0.0,0.0,111.0,0.9,0.0,136.0,0.0,1.9,0.0,4.4,0.0,6.8,24.6,8.3,0.0,15.4,0.0,132.0,0
4546,72.5,99.5,36.8,104.0,70.5,54.0,20.0,0.0,0.0,0.0,0.0,7.44,32.0,98.0,0.0,0.0,0.0,0.0,0.0,0.0,0.0,0.0,0.0,0.0,0.0,0.0,0.0,0.0,0.0,0.0,0.0,0.0,0.0,0.0,0
4546,70.0,95.0,36.8,97.5,64.0,48.0,19.0,0.0,0.0,0.0,0.0,0.0,0.0,0.0,0.0,0.0,0.0,0.0,0.0,0.0,0.0,0.0,0.0,0.0,0.0,0.0,0.0,0.0,0.0,0.0,0.0,0.0,0.0,0.0,0
4546,74.0,100.0,36.8,102.0,65.0,48.0,19.0,0.0,0.0,0.0,0.0,0.0,0.0,0.0,0.0,0.0,0.0,0.0,0.0,0.0,0.0,0.0,0.0,0.0,0.0,0.0,0.0,0.0,0.0,0.0,0.0,0.0,0.0,0.0,0
4546,73.0,96.0,36.8,108.0,66.0,49.0,24.0,0.0,0.0,0.0,0.0,0.0,0.0,0.0,0.0,0.0,0.0,0.0,0.0,0.0,0.0,0.0,0.0,0.0,0.0,0.0,0.0,0.0,0.0,0.0,0.0,0.0,0.0,0.0,0
4546,107.0,98.0,36.9,111.0,71.0,55.0,23.0,0.0,0.0,0.0,0.0,0.0,0.0,0.0,0.0,0.0,0.0,0.0,0.0,0.0,0.0,0.0,0.0,0.0,0.0,0.0,0.0,0.0,0.0,0.0,0.0,0.0,0.0,0.0,0
4546,71.0,98.0,37.0,109.0,71.0,55.0,19.0,0.0,0.0,0.0,0.0,0.0,0.0,0.0,0.0,0.0,0.0,0.0,0.0,0.0,0.0,0.0,0.0,0.0,0.0,0.0,0.0,0.0,0.0,0.0,0.0,0.0,0.0,0.0,0
4546,69.0,99.0,36.89,94.0,62.0,46.5,17.5,0.0,0.0,0.0,0.0,0.0,0.0,0.0,0.0,0.0,0.0,0.0,0.0,0.0,0.0,0.0,0.0,0.0,0.0,0.0,0.0,0.0,0.0,0.0,0.0,0.0,0.0,0.0,0
4546,71.0,99.0,0.0,100.25,60.33,52.5,17.5,0.0,0.0,0.0,0.0,0.0,0.0,0.0,0.0,0.0,0.0,0.0,0.0,0.0,0.0,0.0,0.0,0.0,0.0,0.0,0.0,0.0,0.0,0.0,0.0,0.0,0.0,0.0,0
4546,69.5,99.0,0.0,101.5,64.5,45.5,16.0,0.0,0.0,0.0,0.0,0.0,0.0,0.0,0.0,0.0,0.0,0.0,0.0,0.0,0.0,0.0,0.0,0.0,0.0,0.0,0.0,0.0,0.0,0.0,0.0,0.0,0.0,0.0,0
4546,73.0,99.0,0.0,99.0,65.0,45.5,19.5,0.0,0.0,0.0,0.0,0.0,0.0,0.0,0.0,0.0,0.0,0.0,0.0,0.0,0.0,0.0,0.0,0.0,0.0,0.0,0.0,0.0,0.0,0.0,0.0,0.0,0.0,0.0,0
4546,85.0,99.0,36.89,101.0,65.0,48.0,17.0,0.0,0.0,0.0,0.0,0.0,0.0,0.0,0.0,0.0,0.0,0.0,0.0,0.0,0.0,0.0,0.0,0.0,0.0,0.0,0.0,0.0,0.0,0.0,0.0,0.0,0.0,0.0,0
4546,83.0,98.0,0.0,135.0,99.5,77.5,22.5,0.0,0.0,0.0,0.0,0.0,0.0,0.0,0.0,0.0,0.0,0.0,0.0,0.0,0.0,131.0,0.0,0.0,0.0,0.0,0.0,4.5,0.0,0.0,0.0,0.0,0.0,0.0,0
4546,70.0,98.0,0.0,107.0,68.0,49.0,15.0,0.0,0.0,0.0,0.0,0.0,0.0,0.0,0.0,0.0,0.0,0.0,0.0,0.0,0.0,0.0,0.0,0.0,0.0,0.0,0.0,0.0,0.0,0.0,0.0,0.0,0.0,0.0,0
4546,76.0,98.0,0.0,109.0,71.0,52.0,22.0,0.0,0.0,0.0,0.0,0.0,0.0,0.0,0.0,0.0,0.0,0.0,0.0,0.0,0.0,0.0,0.0,0.0,0.0,0.0,0.0,0.0,0.0,0.0,0.0,0.0,0.0,0.0,0
4546,111.0,97.0,36.44,111.0,70.0,51.0,23.0,0.0,0.0,0.0,0.0,0.0,0.0,0.0,0.0,0.0,0.0,0.0,0.0,0.0,0.0,0.0,0.0,0.0,0.0,0.0,0.0,0.0,0.0,0.0,0.0,0.0,0.0,0.0,0
4546,115.0,98.0,0.0,121.0,83.0,65.0,27.0,0.0,0.0,0.0,0.0,0.0,0.0,0.0,0.0,0.0,0.0,0.0,0.0,0.0,0.0,0.0,0.0,0.0,0.0,0.0,0.0,0.0,0.0,0.0,0.0,0.0,0.0,0.0,0
4546,102.0,97.0,0.0,102.0,70.0,55.0,19.0,0.0,0.0,0.0,0.0,0.0,0.0,0.0,0.0,0.0,0.0,0.0,0.0,0.0,0.0,0.0,0.0,0.0,0.0,0.0,0.0,0.0,0.0,0.0,0.0,0.0,0.0,0.0,0
4546,105.0,0.0,0.0,112.0,76.0,59.0,22.0,0.0,0.0,0.0,0.0,0.0,0.0,0.0,0.0,0.0,0.0,0.0,0.0,0.0,0.0,0.0,0.0,0.0,0.0,0.0,0.0,0.0,0.0,0.0,0.0,0.0,0.0,0.0,0
4546,88.5,96.0,36.33,109.5,73.0,57.0,20.0,0.0,0.0,0.0,0.0,7.47,0.0,0.0,0.0,0.0,0.0,0.0,0.0,0.0,0.0,135.0,0.0,0.0,0.0,0.0,0.0,0.0,0.0,0.0,0.0,0.0,0.0,0.0,0
4546,97.0,99.0,0.0,114.0,82.0,67.0,11.0,0.0,0.0,0.0,0.0,0.0,0.0,0.0,0.0,0.0,0.0,0.0,0.0,0.0,0.0,0.0,0.0,0.0,0.0,0.0,0.0,0.0,0.0,0.0,0.0,0.0,0.0,0.0,0
4546,65.0,98.0,0.0,111.0,71.0,54.0,18.0,0.0,0.0,0.0,0.0,0.0,0.0,0.0,0.0,0.0,0.0,0.0,0.0,0.0,0.0,0.0,0.0,0.0,0.0,0.0,0.0,0.0,0.0,0.0,0.0,0.0,0.0,0.0,0
4546,112.0,97.0,0.0,138.0,87.0,64.0,20.0,0.0,0.0,0.0,0.0,0.0,0.0,0.0,0.0,0.0,0.0,0.0,0.0,0.0,0.0,0.0,0.0,0.0,0.0,0.0,0.0,0.0,0.0,0.0,0.0,0.0,0.0,0.0,0
