4743,80.5,97.0,36.2,92.5,59.0,43.0,16.0,0.0,-1.0,24.0,0.7,7.3,51.0,0.0,0.0,12.0,0.0,0.0,110.0,0.0,0.0,125.0,0.0,0.0,0.0,4.6,0.0,0.0,29.5,10.2,0.0,11.0,0.0,0.0,0
4743,79.0,97.5,36.05,109.0,74.5,54.0,17.5,0.0,-0.5,0.0,0.6,7.33,45.0,0.0,0.0,0.0,0.0,0.0,0.0,0.0,0.0,109.0,0.0,0.0,0.0,0.0,0.0,0.0,0.0,0.0,0.0,0.0,0.0,0.0,0
4743,77.0,0.0,36.3,96.0,65.0,50.0,18.0,0.0,0.0,0.0,0.0,7.36,0.0,0.0,0.0,0.0,0.0,0.0,0.0,0.0,0.0,0.0,0.0,0.0,0.0,0.0,0.0,0.0,0.0,0.0,0.0,0.0,0.0,0.0,0
4743,78.5,100.0,36.25,89.5,60.5,46.0,18.0,0.0,0.0,0.0,0.0,0.0,0.0,0.0,0.0,0.0,0.0,0.0,0.0,0.0,0.0,0.0,0.0,0.0,0.0,0.0,0.0,0.0,23.8,0.0,32.8,0.0,0.0,274.0,0
4743,79.0,100.0,36.5,95.0,63.0,47.0,18.0,0.0,0.0,0.0,0.0,0.0,0.0,0.0,0.0,0.0,0.0,0.0,0.0,0.0,0.0,0.0,0.0,0.0,0.0,0.0,0.0,0.0,23.8,0.0,0.0,0.0,0.0,0.0,0
4743,80.0,100.0,36.9,92.0,61.0,45.0,16.0,0.0,0.0,0.0,0.5,0.0,0.0,0.0,0.0,0.0,0.0,0.0,0.0,0.0,0.0,0.0,0.0,0.0,0.0,0.0,0.0,0.0,0.0,0.0,0.0,0.0,0.0,0.0,0
4743,81.0,94.0,37.1,101.0,69.0,53.0,17.0,0.0,0.0,23.0,0.0,7.37,43.0,97.0,0.0,12.0,0.0,0.0,109.0,0.7,0.0,134.0,1.3,2.2,0.0,4.6,0.0,0.0,26.1,9.2,28.3,8.3,0.0,280.0,0
4743,86.0,99.0,37.5,91.0,60.0,45.0,18.0,0.0,0.0,23.0,0.5,7.37,0.0,97.0,0.0,12.0,0.0,0.0,109.0,0.0,0.0,0.0,1.3,2.2,0.0,4.6,0.0,0.0,26.1,9.2,0.0,8.3,0.0,0.0,0
4743,89.0,99.0,37.7,94.0,63.0,47.0,18.0,0.0,-1.0,0.0,0.0,7.36,43.0,97.0,0.0,0.0,0.0,0.0,0.0,0.0,0.0,0.0,0.0,0.0,0.0,0.0,0.0,0.0,0.0,0.0,0.0,0.0,0.0,0.0,0
4743,88.0,99.0,37.9,93.0,62.0,46.0,18.5,0.0,-1.0,0.0,0.5,7.38,0.0,97.0,0.0,0.0,0.0,0.0,0.0,0.0,0.0,133.0,1.8,0.0,0.0,0.0,0.0,0.0,26.2,0.0,0.0,0.0,0.0,0.0,0
4743,92.0,97.0,37.9,112.0,77.0,59.0,18.5,0.0,-1.0,0.0,0.4,7.38,41.0,96.0,0.0,0.0,0.0,0.0,0.0,0.0,0.0,0.0,1.8,0.0,0.0,0.0,0.0,0.0,26.2,0.0,0.0,0.0,0.0,0.0,0
4743,100.0,99.0,38.0,105.0,74.0,57.0,20.5,0.0,-1.0,0.0,0.4,7.38,36.0,95.5,0.0,0.0,0.0,0.0,0.0,0.0,0.0,0.0,0.0,0.0,0.0,0.0,0.0,0.0,0.0,0.0,0.0,0.0,0.0,0.0,0
4743,104.0,96.0,38.1,99.0,69.0,55.0,25.0,0.0,-1.0,0.0,0.4,7.4,0.0,95.0,0.0,0.0,0.0,0.0,0.0,0.0,0.0,0.0,0.0,0.0,0.0,0.0,0.0,0.0,0.0,0.0,0.0,0.0,0.0,0.0,0
4743,102.0,95.0,38.1,107.0,76.0,58.0,15.0,0.0,0.0,0.0,0.0,7.42,0.0,0.0,0.0,0.0,0.0,0.0,0.0,0.0,0.0,0.0,0.0,0.0,0.0,0.0,0.0,0.0,28.8,0.0,0.0,0.0,0.0,0.0,0
4743,101.0,93.0,38.1,103.0,72.0,55.0,17.0,0.0,0.0,0.0,0.0,0.0,0.0,0.0,0.0,0.0,0.0,0.0,0.0,0.0,0.0,0.0,0.0,0.0,0.0,0.0,0.0,0.0,28.8,0.0,0.0,0.0,0.0,0.0,0
4743,106.0,96.0,38.0,107.0,74.0,55.0,13.0,0.0,-3.0,0.0,0.0,7.37,35.0,0.0,0.0,0.0,0.0,0.0,0.0,0.0,0.0,0.0,0.0,0.0,0.0,0.0,0.0,0.0,0.0,0.0,0.0,0.0,0.0,0.0,0
4743,105.0,93.0,37.9,106.0,46.0,57.0,17.0,0.0,-3.0,0.0,0.4,7.37,0.0,0.0,0.0,0.0,0.0,0.0,0.0,0.0,0.0,0.0,0.0,0.0,0.0,0.0,0.0,0.0,0.0,0.0,0.0,0.0,0.0,0.0,0
4743,106.0,93.0,37.8,104.0,0.0,55.0,17.0,0.0,0.0,0.0,0.0,7.37,47.0,91.0,0.0,0.0,0.0,0.0,0.0,0.0,0.0,0.0,0.0,0.0,0.0,0.0,0.0,0.0,27.4,0.0,28.1,0.0,0.0,217.0,0
4743,102.0,92.0,37.9,105.0,0.0,54.0,17.0,0.0,0.0,0.0,0.5,7.37,0.0,91.0,0.0,0.0,0.0,0.0,0.0,0.0,0.0,0.0,0.0,0.0,0.0,0.0,0.0,0.0,27.4,0.0,0.0,0.0,0.0,0.0,0
4743,102.0,94.0,37.9,111.0,0.0,57.0,18.0,0.0,0.0,0.0,0.0,0.0,0.0,0.0,0.0,0.0,0.0,0.0,0.0,0.0,0.0,0.0,0.0,0.0,0.0,0.0,0.0,0.0,0.0,0.0,0.0,0.0,0.0,0.0,0
4743,104.0,94.0,37.9,115.0,0.0,61.0,20.0,0.0,0.0,0.0,0.5,7.4,40.0,0.0,0.0,0.0,0.0,0.0,109.0,0.0,0.0,0.0,0.0,1.7,0.0,3.4,0.0,0.0,0.0,0.0,0.0,0.0,0.0,0.0,0
4743,103.5,94.0,37.9,107.0,36.0,55.0,16.5,0.0,0.0,0.0,0.0,7.39,0.0,0.0,0.0,0.0,0.0,0.0,109.0,0.0,0.0,0.0,0.0,1.7,0.0,3.4,0.0,0.0,0.0,0.0,0.0,0.0,0.0,0.0,0
4743,103.0,94.0,37.8,109.0,35.0,56.0,17.0,0.0,0.0,0.0,0.0,0.0,0.0,0.0,0.0,0.0,0.0,0.0,0.0,0.0,0.0,0.0,0.0,0.0,0.0,0.0,0.0,0.0,27.9,0.0,0.0,0.0,0.0,0.0,0
4743,107.0,91.0,38.1,112.0,71.0,56.5,24.0,0.0,0.0,0.0,0.0,0.0,0.0,0.0,0.0,0.0,0.0,0.0,0.0,0.0,0.0,0.0,0.0,0.0,0.0,0.0,0.0,0.0,27.9,0.0,0.0,0.0,0.0,0.0,0
4743,108.0,91.0,38.0,95.5,63.0,52.5,18.0,0.0,1.0,0.0,0.0,7.43,40.0,0.0,0.0,0.0,0.0,0.0,0.0,0.0,0.0,0.0,0.0,0.0,0.0,0.0,0.0,0.0,0.0,0.0,0.0,0.0,0.0,0.0,0
4743,106.0,92.0,38.0,95.0,65.0,53.0,19.0,0.0,2.0,0.0,0.6,7.43,45.0,94.0,0.0,0.0,0.0,0.0,0.0,0.0,0.0,128.0,1.1,0.0,0.0,0.0,0.0,0.0,28.4,9.9,0.0,6.5,0.0,161.0,0
4743,107.0,94.0,37.9,104.0,70.0,56.0,19.0,0.0,3.0,0.0,0.6,7.42,0.0,94.0,0.0,0.0,0.0,0.0,0.0,0.0,0.0,0.0,1.1,0.0,0.0,0.0,0.0,0.0,28.4,9.9,0.0,6.5,0.0,0.0,0
4743,99.0,95.0,37.9,113.0,73.0,57.0,17.0,0.0,1.0,0.0,0.0,7.37,50.0,0.0,0.0,0.0,0.0,0.0,0.0,0.0,0.0,131.0,0.0,0.0,0.0,0.0,0.0,0.0,0.0,0.0,0.0,0.0,0.0,0.0,0
4743,102.0,95.0,37.7,106.0,72.0,55.0,20.0,0.0,1.0,0.0,0.0,7.37,0.0,0.0,0.0,0.0,0.0,0.0,0.0,0.0,0.0,0.0,0.0,0.0,0.0,0.0,0.0,0.0,0.0,0.0,0.0,0.0,0.0,0.0,0
4743,102.0,95.0,37.8,122.0,82.0,63.0,19.5,0.0,0.0,0.0,0.6,0.0,0.0,0.0,0.0,0.0,0.0,0.0,0.0,0.0,0.0,0.0,0.0,0.0,0.0,0.0,0.0,0.0,0.0,0.0,0.0,0.0,0.0,0.0,0
4743,99.0,95.0,37.9,109.0,74.0,58.0,20.0,0.0,3.0,29.0,0.0,7.41,46.0,97.0,0.0,12.0,0.0,8.0,101.0,0.7,0.0,132.5,0.0,2.1,3.9,3.9,0.0,0.0,28.9,10.2,28.4,8.8,0.0,199.0,0
4743,95.0,95.0,38.0,99.0,68.0,54.0,20.0,0.0,3.0,29.0,0.0,7.41,0.0,97.0,0.0,12.0,0.0,0.0,101.0,0.0,0.0,0.0,0.0,2.1,0.0,3.9,0.0,0.0,28.9,10.2,0.0,8.8,0.0,0.0,0
4743,97.0,97.0,38.0,94.0,66.0,53.0,20.0,0.0,0.0,0.0,0.0,0.0,0.0,0.0,0.0,0.0,0.0,0.0,0.0,0.0,0.0,0.0,0.0,0.0,0.0,0.0,0.0,0.0,0.0,0.0,0.0,0.0,0.0,0.0,0
4743,98.0,97.0,37.7,101.0,71.0,56.0,19.0,0.0,4.0,0.0,0.5,7.42,45.0,97.0,0.0,0.0,0.0,0.0,0.0,0.0,0.0,0.0,0.0,0.0,0.0,0.0,0.0,0.0,0.0,0.0,0.0,0.0,0.0,0.0,0
4743,99.0,98.0,38.1,129.0,86.0,66.0,20.5,0.0,4.0,0.0,0.0,7.44,41.0,97.0,0.0,0.0,0.0,0.0,0.0,0.0,0.0,0.0,0.0,0.0,0.0,0.0,0.0,0.0,0.0,0.0,0.0,0.0,0.0,0.0,0
4743,106.0,95.0,38.1,124.0,82.0,63.0,21.5,0.0,4.0,0.0,0.5,7.46,0.0,97.0,0.0,0.0,0.0,0.0,0.0,0.0,0.0,0.0,0.0,0.0,0.0,0.0,0.0,0.0,0.0,0.0,0.0,0.0,0.0,0.0,0
4743,105.0,95.0,37.9,110.0,76.0,59.0,21.0,0.0,0.0,0.0,0.5,0.0,0.0,0.0,0.0,0.0,0.0,0.0,0.0,0.0,0.0,0.0,0.0,0.0,0.0,0.0,0.0,0.0,0.0,0.0,0.0,0.0,0.0,0.0,0
4743,102.0,91.0,38.1,113.0,71.0,52.0,23.5,0.0,3.0,0.0,0.0,7.48,37.0,93.0,0.0,0.0,0.0,0.0,0.0,0.0,0.0,0.0,0.0,0.0,0.0,0.0,0.0,0.0,0.0,0.0,0.0,0.0,0.0,0.0,0
4743,109.0,91.0,38.1,105.0,75.0,59.0,21.0,0.0,3.0,0.0,0.5,7.48,0.0,93.0,0.0,0.0,0.0,0.0,0.0,0.0,0.0,0.0,0.0,0.0,0.0,0.0,0.0,0.0,0.0,0.0,0.0,0.0,0.0,0.0,0
4743,111.0,91.0,0.0,127.0,77.0,53.0,20.0,0.0,0.0,0.0,0.0,0.0,0.0,0.0,0.0,0.0,0.0,0.0,0.0,0.0,0.0,0.0,0.0,0.0,0.0,0.0,0.0,0.0,0.0,0.0,0.0,0.0,0.0,0.0,0
4743,113.0,93.0,0.0,104.0,66.0,51.0,19.0,0.0,0.0,0.0,0.0,0.0,0.0,0.0,0.0,0.0,0.0,0.0,0.0,0.0,0.0,0.0,0.0,0.0,0.0,0.0,0.0,0.0,0.0,0.0,0.0,0.0,0.0,0.0,0
4743,110.0,90.0,36.17,0.0,73.0,0.0,17.0,0.0,0.0,0.0,0.5,0.0,0.0,0.0,0.0,0.0,0.0,0.0,0.0,0.0,0.0,0.0,0.0,0.0,0.0,0.0,0.0,0.0,0.0,0.0,0.0,0.0,0.0,0.0,0
4743,104.0,94.0,0.0,0.0,70.0,0.0,14.0,0.0,0.0,0.0,0.0,0.0,0.0,0.0,0.0,0.0,0.0,0.0,0.0,0.0,0.0,0.0,0.0,0.0,0.0,0.0,0.0,0.0,0.0,0.0,0.0,0.0,0.0,0.0,0
4743,96.0,96.0,0.0,0.0,65.0,0.0,17.0,0.0,0.0,0.0,0.0,0.0,0.0,0.0,0.0,0.0,0.0,0.0,0.0,0.0,0.0,0.0,0.0,0.0,0.0,0.0,0.0,0.0,0.0,0.0,0.0,0.0,0.0,0.0,0
4743,102.0,95.0,0.0,0.0,63.0,0.0,13.0,0.0,0.0,0.0,0.6,0.0,0.0,0.0,0.0,0.0,0.0,0.0,0.0,0.0,0.0,0.0,0.0,0.0,0.0,0.0,0.0,0.0,0.0,0.0,0.0,0.0,0.0,0.0,0
4743,104.0,95.0,35.44,0.0,66.0,0.0,21.0,0.0,0.0,0.0,0.0,0.0,0.0,0.0,0.0,0.0,0.0,0.0,0.0,0.0,0.0,0.0,0.0,0.0,0.0,0.0,0.0,0.0,0.0,0.0,0.0,0.0,0.0,0.0,0
4743,104.0,95.0,0.0,0.0,75.0,0.0,18.0,0.0,0.0,0.0,0.0,0.0,0.0,0.0,0.0,0.0,0.0,0.0,0.0,0.0,0.0,0.0,0.0,0.0,0.0,0.0,0.0,0.0,0.0,0.0,0.0,0.0,0.0,0.0,0
4743,110.0,95.0,0.0,0.0,79.0,0.0,20.0,0.0,0.0,0.0,0.0,0.0,0.0,0.0,0.0,0.0,0.0,0.0,0.0,0.0,0.0,0.0,0.0,0.0,0.0,0.0,0.0,0.0,0.0,0.0,0.0,0.0,0.0,0.0,0
4743,118.0,96.0,0.0,0.0,83.0,0.0,23.0,0.0,0.0,0.0,0.6,0.0,0.0,0.0,0.0,0.0,0.0,0.0,0.0,0.0,0.0,0.0,0.0,0.0,0.0,0.0,0.0,0.0,0.0,0.0,0.0,0.0,0.0,0.0,0
4743,111.0,94.0,37.56,0.0,92.0,0.0,16.0,0.0,0.0,0.0,0.0,0.0,0.0,0.0,0.0,0.0,0.0,0.0,0.0,0.0,0.0,0.0,0.0,0.0,0.0,0.0,0.0,0.0,0.0,0.0,0.0,0.0,0.0,0.0,0
