4757,87.0,100.0,37.2,113.5,82.0,65.0,12.0,0.0,-1.0,25.0,1.0,7.34,46.0,0.0,0.0,15.0,0.0,0.0,110.0,0.8,0.0,121.0,0.0,2.6,0.0,4.0,0.0,0.0,35.9,12.8,26.3,19.5,0.0,97.0,0
4757,82.5,99.5,37.4,100.0,79.5,60.5,17.5,0.0,0.0,0.0,0.6,0.0,0.0,0.0,0.0,0.0,0.0,0.0,0.0,0.0,0.0,0.0,0.0,0.0,0.0,0.0,0.0,0.0,0.0,0.0,0.0,0.0,0.0,0.0,0
4757,77.0,100.0,37.6,126.0,90.0,71.0,18.0,0.0,-3.0,0.0,0.5,7.37,36.0,65.0,0.0,0.0,0.0,0.0,0.0,0.0,0.0,0.0,0.0,0.0,0.0,0.0,0.0,0.0,0.0,0.0,0.0,0.0,0.0,0.0,0
4757,62.0,100.0,37.8,115.0,85.0,70.0,18.0,0.0,-2.0,0.0,0.0,7.38,36.0,0.0,0.0,0.0,0.0,0.0,0.0,0.0,0.0,0.0,0.0,0.0,0.0,4.4,0.0,0.0,0.0,0.0,0.0,0.0,0.0,0.0,0
4757,93.5,99.0,37.95,124.5,95.5,79.5,18.5,0.0,0.0,0.0,0.5,7.39,39.0,0.0,0.0,0.0,0.0,0.0,0.0,0.0,0.0,0.0,0.0,0.0,0.0,0.0,0.0,0.0,0.0,0.0,0.0,0.0,0.0,0.0,0
4757,103.5,98.0,37.85,110.5,84.5,70.0,18.0,0.0,-1.0,0.0,0.5,7.38,38.0,98.0,0.0,0.0,0.0,0.0,0.0,0.0,0.0,138.0,0.0,1.9,0.0,4.8,0.0,0.0,35.3,0.0,0.0,0.0,0.0,151.0,0
4757,100.0,98.0,37.6,123.0,87.0,68.5,17.0,0.0,0.0,0.0,0.0,0.0,0.0,0.0,0.0,0.0,0.0,0.0,0.0,0.0,0.0,0.0,0.0,0.0,0.0,0.0,0.0,0.0,0.0,0.0,0.0,0.0,0.0,0.0,0
4757,110.0,97.5,37.6,106.0,74.0,61.0,20.0,0.0,0.0,0.0,0.0,0.0,0.0,0.0,0.0,0.0,0.0,0.0,0.0,0.0,0.0,0.0,0.0,0.0,0.0,0.0,0.0,0.0,0.0,0.0,0.0,0.0,0.0,0.0,0
4757,98.0,97.0,37.6,103.0,73.0,60.0,19.0,0.0,0.0,0.0,0.0,0.0,0.0,0.0,0.0,0.0,0.0,0.0,0.0,0.0,0.0,0.0,0.0,0.0,0.0,0.0,0.0,0.0,0.0,0.0,0.0,0.0,0.0,0.0,0
4757,98.0,97.0,37.6,103.0,71.0,59.0,20.0,0.0,-2.0,0.0,0.0,7.39,35.0,97.0,0.0,0.0,0.0,0.0,0.0,0.0,0.0,102.0,0.0,0.0,0.0,3.6,0.0,0.0,0.0,0.0,0.0,0.0,0.0,0.0,0
4757,102.5,96.5,37.45,103.5,71.0,59.0,20.5,0.0,0.0,0.0,0.0,0.0,0.0,0.0,0.0,0.0,0.0,0.0,0.0,0.0,0.0,0.0,0.0,0.0,0.0,0.0,0.0,0.0,0.0,0.0,0.0,0.0,0.0,0.0,0
4757,100.0,97.0,37.5,112.0,77.0,63.0,21.0,0.0,0.0,22.0,0.0,0.0,0.0,0.0,0.0,17.0,0.0,0.0,109.0,0.9,0.0,126.0,0.0,2.0,0.0,5.1,0.0,0.0,28.5,10.4,29.6,12.5,0.0,140.0,0
4757,103.0,96.0,37.6,108.0,76.0,62.0,24.0,0.0,0.0,0.0,0.0,0.0,0.0,0.0,0.0,0.0,0.0,0.0,0.0,0.0,0.0,0.0,0.0,0.0,0.0,0.0,0.0,0.0,0.0,0.0,0.0,0.0,0.0,0.0,0
4757,102.0,96.0,37.6,112.0,78.0,63.0,22.0,0.0,0.0,0.0,0.0,0.0,0.0,0.0,0.0,0.0,0.0,0.0,0.0,0.0,0.0,0.0,0.0,0.0,0.0,0.0,0.0,0.0,0.0,0.0,0.0,0.0,0.0,0.0,0
4757,101.0,95.0,37.6,115.0,79.0,65.0,21.0,0.0,0.0,0.0,0.0,7.42,36.0,95.0,0.0,0.0,0.0,0.0,0.0,0.0,0.0,115.0,0.0,0.0,0.0,4.1,0.0,0.0,0.0,0.0,0.0,0.0,0.0,0.0,0
4757,95.0,97.0,37.6,110.0,85.0,71.0,30.0,0.0,0.0,0.0,0.0,0.0,0.0,0.0,0.0,0.0,0.0,0.0,0.0,0.0,0.0,0.0,0.0,0.0,0.0,0.0,0.0,0.0,0.0,0.0,0.0,0.0,0.0,0.0,0
4757,107.0,97.0,37.6,120.0,85.0,69.0,22.0,0.0,0.0,0.0,0.0,0.0,0.0,0.0,0.0,0.0,0.0,0.0,0.0,0.0,0.0,0.0,0.0,0.0,0.0,0.0,0.0,0.0,0.0,0.0,0.0,0.0,0.0,0.0,0
4757,110.0,95.0,37.7,119.0,86.0,71.0,27.0,0.0,0.0,0.0,0.0,7.44,32.0,97.0,0.0,0.0,0.0,0.0,0.0,0.0,0.0,150.0,0.0,0.0,0.0,4.8,0.0,0.0,0.0,0.0,0.0,0.0,0.0,0.0,0
