499,123.0,95.0,38.5,185.0,121.0,91.0,17.0,0.0,-3.0,24.0,0.4,7.27,51.0,90.0,223.0,20.0,50.0,8.8,105.0,0.9,2.2,175.0,3.9,1.8,5.5,4.6,3.7,0.0,37.1,12.7,47.8,13.5,123.0,103.0,0
499,110.5,95.0,0.0,135.0,89.5,69.5,17.75,0.0,-1.0,24.0,0.5,7.28,0.0,0.0,223.0,20.0,50.0,0.0,105.0,0.0,2.2,0.0,3.9,1.8,0.0,4.6,0.0,0.0,37.1,12.7,0.0,13.5,123.0,0.0,0
499,106.0,95.0,0.0,121.0,84.0,68.0,15.0,0.0,-1.0,0.0,0.0,7.39,38.0,0.0,0.0,0.0,0.0,0.0,0.0,0.0,0.0,0.0,2.4,0.0,0.0,0.0,0.0,0.0,0.0,0.0,0.0,0.0,0.0,0.0,0
499,97.5,95.5,0.0,116.0,83.0,66.5,16.5,0.0,-1.0,0.0,0.5,7.39,0.0,0.0,0.0,0.0,0.0,0.0,0.0,0.0,0.0,0.0,2.4,0.0,0.0,0.0,0.0,0.0,0.0,0.0,0.0,0.0,0.0,0.0,0
499,96.0,96.0,0.0,120.0,83.0,67.0,14.0,0.0,0.0,0.0,0.4,0.0,0.0,0.0,0.0,0.0,0.0,0.0,0.0,0.0,0.0,0.0,0.0,0.0,0.0,0.0,0.0,0.0,0.0,0.0,0.0,0.0,0.0,0.0,0
499,91.0,96.0,0.0,118.0,84.0,67.0,10.0,0.0,0.0,24.0,0.0,0.0,0.0,0.0,203.0,28.0,46.0,8.0,103.0,1.1,1.3,321.0,0.0,1.9,5.7,4.4,2.2,0.0,36.5,12.5,38.8,8.1,159.0,53.0,0
499,89.0,96.0,0.0,119.0,83.0,66.0,9.0,0.0,0.0,24.0,0.0,7.4,40.0,0.0,203.0,28.0,46.0,0.0,103.0,0.0,1.3,0.0,2.8,1.9,0.0,4.4,0.0,0.0,36.5,12.5,0.0,8.1,159.0,0.0,0
499,85.0,98.0,37.5,127.0,88.0,69.0,10.0,0.0,0.0,0.0,0.4,7.4,0.0,0.0,0.0,0.0,0.0,0.0,0.0,0.0,0.0,0.0,2.8,0.0,0.0,0.0,0.0,0.0,0.0,0.0,0.0,0.0,0.0,0.0,0
499,80.0,96.0,0.0,129.0,87.0,66.0,10.0,0.0,0.0,0.0,0.0,0.0,0.0,0.0,0.0,0.0,0.0,0.0,0.0,0.0,0.0,0.0,0.0,0.0,0.0,0.0,0.0,0.0,0.0,0.0,0.0,0.0,0.0,0.0,0
499,83.0,98.0,0.0,131.0,87.0,66.0,10.0,0.0,0.0,0.0,0.0,0.0,0.0,0.0,0.0,0.0,0.0,0.0,0.0,0.0,0.0,0.0,0.0,0.0,0.0,0.0,0.0,0.0,0.0,0.0,0.0,0.0,0.0,0.0,0
499,80.0,97.0,0.0,134.0,90.0,68.0,12.0,0.0,0.0,0.0,0.4,0.0,0.0,0.0,0.0,0.0,0.0,0.0,0.0,0.0,0.0,0.0,0.0,0.0,0.0,0.0,0.0,0.0,0.0,0.0,0.0,0.0,0.0,0.0,0
499,82.0,95.0,0.0,132.0,93.0,73.0,10.0,0.0,0.0,0.0,0.0,0.0,0.0,0.0,0.0,0.0,0.0,0.0,0.0,0.0,0.0,0.0,0.0,0.0,0.0,0.0,0.0,0.0,0.0,0.0,0.0,0.0,0.0,0.0,0
499,82.0,96.0,0.0,134.0,95.0,74.0,10.0,0.0,0.0,0.0,0.0,0.0,0.0,0.0,0.0,0.0,0.0,0.0,0.0,0.0,0.0,0.0,0.0,0.0,0.0,0.0,0.0,0.0,0.0,0.0,0.0,0.0,0.0,0.0,0
499,82.0,98.0,0.0,140.0,98.0,77.0,13.0,0.0,0.0,24.0,0.0,0.0,0.0,0.0,177.0,35.0,49.0,7.7,105.0,1.2,1.2,278.0,0.0,1.9,5.3,4.3,1.8,0.0,37.3,13.0,32.2,11.1,232.0,61.0,0
499,81.0,97.0,0.0,134.0,96.0,75.0,9.0,0.0,-1.0,24.0,0.0,7.38,39.0,0.0,177.0,35.0,49.0,0.0,105.0,0.0,1.2,0.0,2.0,1.9,0.0,4.3,0.0,0.0,37.3,13.0,0.0,11.1,232.0,0.0,0
499,82.0,97.0,0.0,144.0,98.0,75.0,9.0,0.0,-1.0,0.0,0.0,7.38,0.0,0.0,0.0,0.0,0.0,0.0,0.0,0.0,0.0,0.0,2.0,0.0,0.0,0.0,0.0,0.0,0.0,0.0,0.0,0.0,0.0,0.0,0
499,81.5,96.0,36.83,156.5,102.5,78.5,11.0,0.0,0.0,0.0,0.35,0.0,0.0,0.0,0.0,0.0,0.0,0.0,0.0,0.0,0.0,0.0,0.0,0.0,0.0,0.0,0.0,0.0,0.0,0.0,0.0,0.0,0.0,0.0,0
499,77.0,95.0,37.28,162.0,103.0,78.0,13.0,0.0,0.0,0.0,0.0,0.0,0.0,0.0,0.0,0.0,0.0,0.0,0.0,0.0,0.0,0.0,0.0,0.0,0.0,0.0,0.0,0.0,0.0,0.0,0.0,0.0,0.0,0.0,0
499,77.0,93.0,37.83,161.0,100.0,74.0,10.0,0.0,0.0,0.0,0.0,0.0,0.0,0.0,0.0,0.0,0.0,0.0,0.0,0.0,0.0,0.0,0.0,0.0,0.0,0.0,0.0,0.0,0.0,0.0,0.0,0.0,0.0,0.0,0
499,70.0,96.0,37.44,173.0,105.0,77.0,12.0,0.0,0.0,0.0,0.4,0.0,0.0,0.0,0.0,0.0,0.0,0.0,0.0,0.0,0.0,0.0,0.0,0.0,0.0,0.0,0.0,0.0,0.0,0.0,0.0,0.0,0.0,77.0,0
499,77.0,95.0,0.0,166.0,106.0,79.0,12.0,0.0,0.0,0.0,0.0,0.0,0.0,0.0,0.0,0.0,0.0,0.0,0.0,0.0,0.0,0.0,0.0,0.0,0.0,0.0,0.0,0.0,0.0,0.0,0.0,0.0,0.0,0.0,0
499,61.0,98.0,0.0,170.0,107.0,77.0,10.0,0.0,0.0,24.0,0.0,0.0,0.0,0.0,191.0,37.0,44.0,7.5,108.0,1.0,0.0,104.0,0.0,2.0,4.2,4.7,1.2,0.0,31.1,11.0,29.8,10.0,0.0,71.0,0
499,67.0,97.0,0.0,154.0,100.0,73.0,16.0,0.0,0.0,24.0,0.0,0.0,0.0,0.0,191.0,37.0,44.0,0.0,108.0,0.0,0.0,0.0,0.0,2.0,0.0,4.7,0.0,0.0,31.1,11.0,0.0,10.0,0.0,0.0,0
499,64.0,98.0,37.44,158.0,100.0,72.0,17.0,0.0,0.0,0.0,0.4,0.0,0.0,0.0,0.0,0.0,0.0,0.0,0.0,0.0,0.0,0.0,0.0,0.0,0.0,0.0,0.0,0.0,0.0,0.0,0.0,0.0,0.0,0.0,0
499,64.0,97.0,0.0,157.0,100.0,71.0,10.0,0.0,0.0,0.0,0.0,0.0,0.0,0.0,0.0,0.0,0.0,0.0,0.0,0.0,0.0,0.0,0.0,0.0,0.0,0.0,0.0,0.0,0.0,0.0,0.0,0.0,0.0,0.0,0
499,66.5,96.5,0.0,157.0,101.0,74.5,12.5,0.0,0.0,0.0,0.0,0.0,0.0,0.0,0.0,0.0,0.0,0.0,0.0,0.0,0.0,0.0,0.0,0.0,0.0,0.0,0.0,0.0,0.0,0.0,0.0,0.0,0.0,0.0,0
499,62.0,97.0,0.0,152.0,102.0,72.0,19.0,0.0,0.0,0.0,0.0,0.0,0.0,0.0,0.0,0.0,0.0,0.0,0.0,0.0,0.0,0.0,0.0,0.0,0.0,0.0,0.0,0.0,0.0,0.0,0.0,0.0,0.0,0.0,0
499,59.0,96.0,37.11,155.0,101.0,71.0,12.0,0.0,0.0,0.0,0.0,0.0,0.0,0.0,0.0,0.0,0.0,0.0,0.0,0.0,0.0,0.0,0.0,0.0,0.0,0.0,0.0,0.0,27.9,0.0,0.0,0.0,0.0,93.0,0
