5052,80.0,99.0,34.83,133.0,87.0,66.0,12.5,0.0,0.0,0.0,1.0,7.4,41.0,0.0,0.0,0.0,0.0,0.0,0.0,0.0,0.0,112.0,0.0,0.0,0.0,3.4,0.0,0.0,37.0,12.2,0.0,0.0,0.0,0.0,0
5052,92.0,98.0,35.39,129.0,84.0,67.0,14.0,0.0,0.0,23.0,1.0,7.4,38.0,0.0,0.0,12.0,0.0,0.0,112.0,0.5,0.0,113.0,0.0,0.0,0.0,3.5,0.0,0.0,37.3,0.0,42.0,0.0,0.0,133.0,0
5052,95.5,98.0,36.11,107.5,74.0,59.5,18.0,0.0,-1.0,0.0,0.8,7.33,46.0,98.0,0.0,0.0,0.0,0.0,0.0,0.0,0.0,125.0,0.0,2.4,0.0,0.0,0.0,0.0,0.0,0.0,0.0,0.0,0.0,0.0,0
5052,99.0,95.0,0.0,100.5,66.0,47.0,21.0,0.0,0.0,0.0,0.8,0.0,0.0,0.0,0.0,0.0,0.0,0.0,0.0,0.0,0.0,0.0,0.0,0.0,0.0,0.0,0.0,0.0,0.0,0.0,0.0,0.0,0.0,0.0,0
5052,90.5,98.0,37.33,114.5,75.5,59.0,12.0,0.0,-4.5,0.0,0.75,7.3,43.0,97.5,0.0,0.0,0.0,0.0,0.0,0.0,0.0,134.0,0.0,0.0,0.0,3.7,0.0,0.0,0.0,0.0,0.0,0.0,0.0,0.0,0
5052,78.0,100.0,0.0,120.0,72.0,55.0,12.5,0.0,-0.5,0.0,0.5,7.35,45.5,97.5,0.0,0.0,0.0,0.0,0.0,0.0,0.0,120.0,0.0,0.0,0.0,4.4,0.0,0.0,0.0,0.0,0.0,0.0,0.0,0.0,0
5052,73.0,97.0,0.0,122.0,71.0,54.0,14.0,0.0,0.0,25.0,0.0,7.38,44.0,98.0,0.0,12.0,0.0,0.0,111.0,0.6,0.0,113.0,0.0,2.4,0.0,4.4,0.0,0.0,32.8,11.4,29.1,15.4,0.0,155.0,0
5052,62.5,96.0,0.0,112.0,68.0,46.5,13.0,0.0,0.0,0.0,0.6,7.36,44.0,97.0,0.0,0.0,0.0,0.0,0.0,0.0,0.0,92.0,0.0,0.0,0.0,0.0,0.0,0.0,0.0,0.0,0.0,0.4,0.0,0.0,0
5052,67.0,94.0,36.22,111.5,96.0,51.5,22.5,0.0,0.0,0.0,0.0,0.0,0.0,0.0,0.0,0.0,0.0,0.0,0.0,0.0,0.0,0.0,0.0,0.0,0.0,0.0,0.0,0.0,0.0,0.0,0.0,0.0,0.0,0.0,0
5052,67.0,95.0,0.0,108.0,64.0,47.0,24.0,0.0,0.0,0.0,0.0,0.0,0.0,0.0,0.0,0.0,0.0,0.0,0.0,0.0,0.0,0.0,0.0,0.0,0.0,0.0,0.0,0.0,0.0,0.0,0.0,0.0,0.0,0.0,0
5052,62.0,96.0,0.0,103.0,66.0,50.0,24.0,0.0,0.0,0.0,0.0,7.39,0.0,0.0,0.0,0.0,0.0,0.0,0.0,0.0,0.0,100.0,0.0,0.0,0.0,4.1,0.0,0.0,0.0,0.0,0.0,0.0,0.0,0.0,0
5052,62.0,97.0,0.0,107.75,66.0,49.0,18.0,0.0,0.0,0.0,0.0,0.0,0.0,0.0,0.0,0.0,0.0,0.0,0.0,0.0,0.0,0.0,0.0,0.0,0.0,0.0,0.0,0.0,0.0,0.0,0.0,0.0,0.0,0.0,0
5052,59.0,96.0,0.0,113.0,71.0,53.0,11.0,0.0,0.0,0.0,0.0,0.0,0.0,0.0,0.0,0.0,0.0,0.0,0.0,0.0,0.0,0.0,0.0,0.0,0.0,0.0,0.0,0.0,0.0,0.0,0.0,0.0,0.0,0.0,0
5052,62.0,95.0,36.22,109.0,66.0,49.0,16.0,0.0,0.0,0.0,0.0,0.0,0.0,0.0,0.0,0.0,0.0,0.0,0.0,0.0,0.0,0.0,0.0,0.0,0.0,0.0,0.0,0.0,0.0,0.0,0.0,0.0,0.0,0.0,0
5052,60.0,94.0,0.0,92.5,59.33,48.0,10.0,0.0,0.0,0.0,0.0,0.0,0.0,0.0,0.0,0.0,0.0,0.0,0.0,0.0,0.0,0.0,0.0,0.0,0.0,0.0,0.0,0.0,0.0,0.0,0.0,0.0,0.0,0.0,0
5052,65.0,95.0,0.0,108.5,70.0,54.0,14.0,0.0,0.0,0.0,0.0,0.0,0.0,0.0,0.0,0.0,0.0,0.0,0.0,0.0,0.0,0.0,0.0,0.0,0.0,0.0,0.0,0.0,0.0,0.0,0.0,0.0,0.0,0.0,0
5052,66.0,95.0,0.0,112.0,71.0,55.0,17.0,0.0,0.0,0.0,0.0,7.4,0.0,0.0,0.0,0.0,0.0,0.0,0.0,0.0,0.0,121.0,0.0,0.0,0.0,4.5,0.0,0.0,0.0,0.0,0.0,0.0,0.0,0.0,0
5052,65.0,93.0,37.0,109.0,71.0,56.0,17.0,0.0,0.0,0.0,0.0,0.0,0.0,0.0,0.0,0.0,0.0,0.0,0.0,0.0,0.0,0.0,0.0,0.0,0.0,0.0,0.0,0.0,0.0,0.0,0.0,0.0,0.0,0.0,0
5052,85.0,94.0,0.0,113.5,71.33,63.0,36.0,0.0,0.0,0.0,0.0,0.0,0.0,0.0,0.0,0.0,0.0,0.0,0.0,0.0,0.0,0.0,0.0,0.0,0.0,0.0,0.0,0.0,0.0,0.0,0.0,0.0,0.0,0.0,0
