5677,0.0,0.0,0.0,0.0,0.0,0.0,0.0,0.0,0.0,0.0,0.0,0.0,0.0,0.0,0.0,0.0,0.0,0.0,0.0,0.0,0.0,0.0,0.0,0.0,0.0,0.0,0.0,0.0,0.0,0.0,0.0,0.0,0.0,0.0,0
5677,100.0,97.5,38.44,102.0,72.0,58.0,14.0,0.0,0.0,0.0,0.7,0.0,0.0,0.0,0.0,0.0,0.0,0.0,0.0,0.0,0.0,0.0,0.0,0.0,0.0,0.0,0.0,0.0,0.0,0.0,0.0,0.0,0.0,0.0,0
5677,89.0,98.0,0.0,97.0,71.0,58.0,22.0,0.0,0.0,0.0,0.0,0.0,0.0,0.0,0.0,0.0,0.0,0.0,0.0,0.0,0.0,0.0,0.0,0.0,0.0,0.0,0.0,0.0,0.0,0.0,0.0,0.0,0.0,0.0,0
5677,86.0,98.0,0.0,99.0,72.0,57.0,26.0,0.0,0.0,0.0,0.7,0.0,0.0,0.0,0.0,0.0,0.0,0.0,0.0,0.0,0.0,0.0,0.0,0.0,0.0,0.0,0.0,0.0,0.0,0.0,0.0,0.0,0.0,0.0,0
5677,97.0,98.0,37.44,112.0,76.0,59.0,31.5,0.0,-6.0,0.0,0.7,7.3,39.0,0.0,0.0,0.0,0.0,0.0,0.0,0.0,0.0,0.0,0.0,0.0,0.0,0.0,0.0,0.0,0.0,0.0,0.0,0.0,0.0,0.0,0
5677,124.0,91.0,0.0,141.0,90.0,69.0,33.0,0.0,0.0,0.0,0.0,0.0,0.0,0.0,0.0,0.0,0.0,0.0,0.0,0.0,0.0,0.0,0.0,0.0,0.0,0.0,0.0,0.0,0.0,0.0,0.0,0.0,0.0,0.0,0
5677,112.0,94.0,0.0,108.0,78.0,63.0,30.0,0.0,0.0,0.0,1.0,0.0,0.0,0.0,0.0,0.0,0.0,0.0,0.0,0.0,0.0,0.0,0.0,0.0,0.0,0.0,0.0,0.0,0.0,0.0,0.0,0.0,0.0,0.0,0
5677,105.0,94.0,0.0,110.0,79.0,64.0,31.5,0.0,0.0,0.0,0.7,0.0,0.0,0.0,0.0,0.0,0.0,0.0,0.0,0.0,0.0,0.0,0.0,0.0,0.0,0.0,0.0,0.0,0.0,0.0,0.0,0.0,0.0,0.0,0
5677,101.0,96.0,38.11,105.0,77.0,63.0,0.0,0.0,-6.0,0.0,0.7,7.2,55.0,0.0,0.0,0.0,0.0,0.0,0.0,0.0,0.0,201.0,0.0,0.0,0.0,0.0,0.0,0.0,0.0,0.0,0.0,0.0,0.0,0.0,0
5677,106.0,96.0,0.0,124.0,85.0,67.0,33.0,0.0,0.0,0.0,0.0,0.0,0.0,0.0,0.0,0.0,0.0,0.0,0.0,0.0,0.0,0.0,0.0,0.0,0.0,0.0,0.0,0.0,0.0,0.0,0.0,0.0,0.0,0.0,0
5677,111.0,96.0,0.0,124.0,84.0,67.0,0.0,0.0,-8.0,0.0,0.7,7.11,70.0,97.0,0.0,0.0,0.0,0.0,0.0,0.0,0.0,0.0,0.0,0.0,0.0,5.6,0.0,0.0,47.0,15.8,0.0,0.0,0.0,0.0,0
5677,100.0,98.0,0.0,106.0,78.0,65.0,30.0,0.0,-5.0,0.0,0.7,7.16,68.0,0.0,0.0,0.0,0.0,0.0,0.0,0.0,0.0,0.0,0.0,0.0,0.0,5.8,0.0,0.0,30.0,9.9,0.0,0.0,0.0,0.0,0
5677,100.0,96.0,37.39,118.0,97.0,86.0,31.5,0.0,-6.0,0.0,0.65,7.2,55.0,97.0,0.0,0.0,0.0,0.0,0.0,0.0,0.0,0.0,0.0,0.0,0.0,5.2,0.0,0.0,37.0,12.2,0.0,0.0,0.0,0.0,0
5677,104.0,99.0,0.0,129.0,82.0,65.0,0.0,0.0,0.0,0.0,0.5,0.0,0.0,0.0,0.0,0.0,0.0,0.0,0.0,0.0,0.0,0.0,0.0,0.0,0.0,0.0,0.0,0.0,0.0,0.0,0.0,0.0,0.0,0.0,0
5677,105.0,99.0,0.0,141.0,87.0,67.0,30.0,0.0,-4.0,0.0,0.5,7.26,51.0,0.0,0.0,0.0,0.0,0.0,0.0,0.0,0.0,74.0,1.4,0.0,0.0,5.5,0.0,0.0,33.0,10.9,0.0,0.0,0.0,0.0,0
5677,100.0,100.0,0.0,122.0,79.0,63.0,0.0,0.0,0.0,0.0,0.0,0.0,0.0,0.0,0.0,0.0,0.0,0.0,0.0,0.0,0.0,0.0,0.0,0.0,0.0,0.0,0.0,0.0,0.0,0.0,0.0,0.0,0.0,0.0,0
5677,102.0,98.0,38.22,125.0,111.0,104.0,30.5,0.0,-4.0,22.0,0.5,7.28,48.0,0.0,0.0,26.0,95.0,8.0,110.0,2.1,0.0,44.0,1.5,1.9,5.2,5.9,0.0,0.0,29.9,9.5,28.0,11.8,0.0,183.0,0
5677,103.0,98.0,0.0,116.0,98.0,91.0,30.0,0.0,0.0,0.0,0.5,0.0,0.0,0.0,0.0,0.0,0.0,0.0,0.0,0.0,0.0,88.0,0.0,0.0,0.0,0.0,0.0,0.0,0.0,0.0,0.0,0.0,0.0,0.0,0
5677,95.0,98.0,0.0,84.0,63.0,53.0,26.0,0.0,0.0,0.0,0.5,7.44,32.0,0.0,0.0,0.0,0.0,0.0,0.0,0.0,0.0,94.0,0.0,0.0,0.0,5.5,0.0,0.0,0.0,0.0,0.0,0.0,0.0,0.0,1
5677,0.0,0.0,0.0,0.0,0.0,0.0,0.0,0.0,0.0,0.0,0.0,0.0,0.0,0.0,0.0,0.0,0.0,0.0,0.0,0.0,0.0,0.0,0.0,0.0,0.0,0.0,0.0,0.0,0.0,0.0,0.0,0.0,0.0,0.0,1
5677,95.0,99.0,37.83,118.0,114.0,112.0,26.0,0.0,-2.0,0.0,0.5,7.4,33.0,98.0,0.0,0.0,0.0,0.0,0.0,0.0,0.0,0.0,1.5,0.0,0.0,5.1,0.0,0.0,23.0,7.7,0.0,0.0,0.0,0.0,1
5677,97.0,96.0,38.78,98.0,72.0,59.0,26.0,0.0,0.0,0.0,0.0,0.0,0.0,0.0,0.0,0.0,0.0,0.0,0.0,0.0,0.0,0.0,0.0,0.0,0.0,0.0,0.0,0.0,0.0,0.0,0.0,0.0,0.0,0.0,1
5677,86.0,98.0,0.0,89.0,67.0,56.0,26.0,0.0,0.0,0.0,0.0,0.0,0.0,0.0,0.0,0.0,0.0,0.0,0.0,0.0,0.0,0.0,0.0,0.0,0.0,0.0,0.0,0.0,0.0,0.0,0.0,0.0,0.0,0.0,1
5677,86.0,98.0,0.0,97.0,71.0,58.0,0.0,0.0,0.0,0.0,0.0,0.0,0.0,0.0,0.0,0.0,0.0,0.0,0.0,0.0,0.0,0.0,0.0,0.0,0.0,0.0,0.0,0.0,0.0,0.0,0.0,0.0,0.0,0.0,1
5677,93.0,95.0,39.06,82.0,68.0,61.0,26.0,0.0,0.0,19.0,0.5,0.0,0.0,0.0,0.0,31.0,0.0,8.2,109.0,2.4,0.0,126.0,0.0,1.7,4.8,5.6,0.0,0.0,26.1,8.4,0.0,0.0,0.0,0.0,1
5677,92.0,95.0,0.0,96.0,65.0,52.0,24.0,0.0,-1.0,0.0,0.5,7.46,29.0,0.0,0.0,0.0,0.0,0.0,0.0,0.0,0.0,0.0,1.9,0.0,0.0,0.0,0.0,0.0,0.0,0.0,0.0,0.0,0.0,0.0,1
5677,94.0,96.0,0.0,101.0,68.0,54.0,24.0,0.0,0.0,0.0,0.0,0.0,0.0,0.0,0.0,0.0,0.0,0.0,0.0,0.0,0.0,0.0,0.0,0.0,0.0,0.0,0.0,0.0,0.0,0.0,0.0,0.0,0.0,0.0,1
5677,93.0,95.0,0.0,100.0,67.0,53.0,24.0,0.0,0.0,0.0,0.0,0.0,0.0,0.0,0.0,0.0,0.0,0.0,0.0,0.0,0.0,0.0,0.0,0.0,0.0,0.0,0.0,0.0,0.0,0.0,0.0,0.0,0.0,0.0,1
