5841,0.0,0.0,0.0,0.0,0.0,0.0,0.0,0.0,0.0,0.0,0.0,0.0,0.0,0.0,0.0,0.0,0.0,0.0,0.0,0.0,0.0,0.0,0.0,0.0,0.0,0.0,0.0,0.0,0.0,0.0,0.0,0.0,0.0,0.0,0
5841,0.0,0.0,0.0,0.0,0.0,0.0,0.0,0.0,-2.0,19.0,0.0,7.41,33.0,0.0,3665.0,47.0,118.0,0.0,100.0,0.0,0.0,0.0,5.2,2.5,0.0,3.4,0.0,0.0,36.0,12.7,0.0,9.2,0.0,0.0,0
5841,0.0,0.0,0.0,0.0,0.0,0.0,0.0,0.0,-2.0,0.0,0.0,7.41,0.0,0.0,0.0,0.0,0.0,0.0,0.0,0.0,0.0,0.0,5.2,0.0,0.0,0.0,0.0,0.0,0.0,0.0,0.0,0.0,0.0,0.0,0
5841,89.0,95.0,0.0,157.0,103.0,0.0,19.0,0.0,0.0,0.0,0.0,0.0,0.0,0.0,0.0,0.0,0.0,0.0,0.0,0.0,0.0,0.0,0.0,0.0,0.0,0.0,0.0,0.0,0.0,0.0,0.0,0.0,0.0,0.0,0
5841,88.0,94.0,35.5,139.0,86.0,0.0,9.0,0.0,0.0,0.0,0.0,0.0,0.0,0.0,0.0,0.0,0.0,0.0,0.0,0.0,0.0,0.0,0.0,0.0,0.0,0.0,0.0,0.0,0.0,0.0,0.0,0.0,0.0,0.0,0
5841,84.0,95.0,0.0,129.0,93.0,0.0,20.0,0.0,0.0,0.0,0.0,0.0,0.0,0.0,0.0,0.0,0.0,0.0,0.0,0.0,0.0,0.0,0.0,0.0,0.0,0.0,0.0,0.0,0.0,0.0,0.0,0.0,0.0,0.0,0
5841,85.0,95.0,0.0,122.0,78.0,0.0,20.0,0.0,0.0,0.0,0.0,0.0,0.0,0.0,0.0,0.0,0.0,0.0,0.0,0.0,0.0,0.0,0.0,0.0,0.0,0.0,0.0,0.0,0.0,0.0,0.0,0.0,0.0,0.0,0
5841,90.0,93.0,36.06,142.0,90.0,0.0,16.0,0.0,0.0,0.0,0.0,0.0,0.0,0.0,0.0,0.0,0.0,0.0,0.0,0.0,0.0,0.0,0.0,0.0,0.0,0.0,0.0,0.0,0.0,0.0,0.0,0.0,0.0,0.0,0
5841,90.0,95.0,0.0,144.0,92.0,0.0,15.0,0.0,0.0,0.0,0.0,0.0,0.0,0.0,0.0,0.0,0.0,0.0,0.0,0.0,0.0,0.0,0.0,0.0,0.0,0.0,0.0,0.0,0.0,0.0,0.0,0.0,0.0,0.0,0
5841,84.0,93.0,0.0,133.0,99.0,74.0,21.0,0.0,-2.0,19.0,0.0,7.41,33.0,97.0,2824.0,50.0,116.0,7.4,98.0,7.8,0.0,106.0,4.3,2.3,5.6,3.7,4.9,0.0,35.9,12.8,36.9,9.1,153.0,116.0,0
5841,82.0,95.0,0.0,130.0,97.0,73.0,20.0,0.0,-2.0,19.0,0.0,7.41,0.0,97.0,2824.0,50.0,116.0,0.0,98.0,0.0,0.0,0.0,4.3,2.3,0.0,3.7,0.0,0.0,35.9,12.8,0.0,9.1,153.0,0.0,0
5841,82.0,96.0,0.0,116.0,85.0,61.0,21.0,0.0,0.0,0.0,0.0,0.0,0.0,0.0,0.0,0.0,0.0,0.0,0.0,0.0,0.0,0.0,0.0,0.0,0.0,0.0,0.0,0.0,0.0,0.0,0.0,0.0,0.0,0.0,1
5841,87.0,94.0,35.83,115.0,84.0,60.0,22.0,0.0,0.0,0.0,0.0,0.0,0.0,0.0,0.0,0.0,0.0,0.0,0.0,0.0,0.0,0.0,0.0,0.0,0.0,0.0,0.0,0.0,0.0,0.0,0.0,0.0,0.0,0.0,1
5841,88.0,96.0,0.0,117.0,86.0,61.0,21.0,0.0,0.0,0.0,0.0,0.0,0.0,0.0,0.0,0.0,0.0,0.0,0.0,0.0,0.0,0.0,0.0,0.0,0.0,0.0,0.0,0.0,0.0,0.0,0.0,0.0,0.0,0.0,1
5841,95.0,94.0,0.0,120.0,92.0,70.0,16.0,0.0,-5.0,15.0,0.0,7.39,29.0,0.0,2523.0,52.0,121.0,7.4,98.0,8.2,0.0,97.5,5.6,2.4,6.0,4.0,5.5,0.0,35.5,12.5,40.5,8.6,141.0,116.0,1
5841,102.0,95.0,0.0,125.0,98.0,77.0,22.0,0.0,-5.0,15.0,0.0,7.39,0.0,0.0,2523.0,52.0,121.0,0.0,98.0,0.0,0.0,0.0,5.6,2.4,0.0,4.0,0.0,0.0,35.5,12.5,0.0,8.6,141.0,0.0,1
5841,107.0,95.0,36.11,118.0,93.0,73.0,18.0,0.0,0.0,0.0,0.0,0.0,0.0,0.0,0.0,0.0,0.0,0.0,0.0,0.0,0.0,105.0,0.0,0.0,0.0,0.0,0.0,0.0,0.0,0.0,0.0,0.0,0.0,0.0,1
5841,87.0,99.0,0.0,106.0,81.0,61.0,19.0,0.0,0.0,0.0,0.0,0.0,0.0,0.0,0.0,0.0,0.0,0.0,0.0,0.0,0.0,0.0,0.0,0.0,0.0,0.0,0.0,0.0,0.0,0.0,0.0,0.0,0.0,0.0,1
5841,130.0,93.0,0.0,171.0,138.0,112.0,29.5,0.0,0.0,0.0,0.0,0.0,0.0,0.0,0.0,0.0,0.0,0.0,0.0,0.0,0.0,126.0,0.0,0.0,0.0,0.0,0.0,0.0,0.0,0.0,0.0,0.0,0.0,0.0,1
5841,112.0,91.0,0.0,137.0,106.0,82.0,28.0,0.0,-6.0,14.0,0.0,7.39,27.0,0.0,2133.0,52.0,117.0,8.0,97.0,8.4,0.0,108.5,6.1,2.7,5.8,3.7,5.6,0.0,32.8,11.5,41.5,8.3,123.0,96.0,1
