6019,55.0,100.0,36.7,117.0,75.0,54.0,13.0,0.0,0.0,0.0,0.0,7.42,36.0,98.0,0.0,0.0,0.0,0.0,0.0,0.0,0.0,135.0,0.0,0.0,0.0,0.0,0.0,0.0,31.0,10.4,0.0,0.0,0.0,0.0,0
6019,61.0,100.0,37.2,120.0,77.5,59.0,12.0,0.0,0.0,0.0,0.0,7.43,0.0,0.0,0.0,0.0,0.0,0.0,0.0,0.0,0.0,151.0,0.0,0.0,0.0,0.0,0.0,0.0,28.65,9.5,28.0,12.6,0.0,178.0,0
6019,61.0,94.0,37.85,106.5,69.0,54.0,20.5,0.0,0.0,0.0,0.0,0.0,0.0,0.0,0.0,0.0,0.0,0.0,0.0,0.0,0.0,0.0,0.0,0.0,0.0,0.0,0.0,0.0,0.0,0.0,0.0,0.0,0.0,0.0,0
6019,63.0,100.0,38.4,115.5,76.0,60.5,17.0,0.0,0.0,0.0,0.0,0.0,0.0,0.0,0.0,0.0,0.0,0.0,0.0,0.0,0.0,0.0,0.0,0.0,0.0,0.0,0.0,0.0,0.0,0.0,0.0,0.0,0.0,0.0,0
6019,63.0,99.5,38.8,110.0,70.0,54.0,15.5,0.0,0.0,0.0,0.0,0.0,0.0,0.0,0.0,0.0,0.0,0.0,0.0,0.0,0.0,0.0,0.0,0.0,0.0,0.0,0.0,0.0,0.0,0.0,0.0,0.0,0.0,0.0,0
6019,67.0,100.0,38.3,95.0,57.0,43.0,17.0,0.0,3.0,0.0,0.45,7.45,39.0,0.0,0.0,0.0,0.0,0.0,0.0,0.0,0.0,145.0,0.0,0.0,0.0,0.0,0.0,0.0,0.0,0.0,0.0,0.0,0.0,0.0,0
6019,70.0,97.0,38.3,107.0,64.0,48.0,31.0,0.0,0.0,0.0,0.0,0.0,0.0,0.0,0.0,0.0,0.0,0.0,0.0,0.0,0.0,0.0,0.0,0.0,0.0,0.0,0.0,0.0,0.0,0.0,0.0,0.0,0.0,0.0,0
6019,73.0,97.0,38.8,102.0,61.0,47.0,31.0,0.0,0.0,0.0,0.0,0.0,0.0,0.0,0.0,0.0,0.0,0.0,0.0,0.0,0.0,0.0,0.0,0.0,0.0,0.0,0.0,0.0,0.0,0.0,0.0,0.0,0.0,0.0,0
6019,75.0,97.0,38.0,103.0,68.0,52.0,19.0,0.0,0.0,0.0,0.0,7.42,0.0,0.0,0.0,0.0,0.0,0.0,0.0,0.0,0.0,141.0,0.0,0.0,0.0,0.0,0.0,0.0,27.0,8.9,0.0,0.0,0.0,0.0,0
6019,71.0,97.0,37.9,96.0,65.0,50.0,24.0,0.0,0.0,0.0,0.0,0.0,0.0,0.0,0.0,0.0,0.0,0.0,0.0,0.0,0.0,0.0,0.0,0.0,0.0,0.0,0.0,0.0,0.0,0.0,0.0,0.0,0.0,0.0,0
6019,67.0,98.0,37.7,98.0,63.0,47.0,18.0,0.0,0.0,0.0,0.0,0.0,0.0,0.0,0.0,0.0,0.0,0.0,0.0,0.0,0.0,0.0,0.0,0.0,0.0,0.0,0.0,0.0,0.0,0.0,0.0,0.0,0.0,0.0,0
6019,67.0,98.0,37.6,104.0,65.0,48.0,24.0,0.0,0.0,0.0,0.0,0.0,0.0,0.0,0.0,0.0,0.0,0.0,0.0,0.0,0.0,0.0,0.0,0.0,0.0,0.0,0.0,0.0,0.0,0.0,0.0,0.0,0.0,0.0,0
6019,69.0,98.0,37.8,107.0,67.0,50.0,26.0,0.0,0.0,0.0,0.0,0.0,0.0,0.0,0.0,0.0,0.0,0.0,0.0,0.0,0.0,0.0,0.0,0.0,0.0,0.0,0.0,0.0,0.0,0.0,0.0,0.0,0.0,0.0,0
6019,68.0,97.0,37.6,93.0,58.0,43.0,16.0,0.0,0.0,0.0,0.0,0.0,0.0,0.0,0.0,0.0,0.0,0.0,0.0,0.0,0.0,0.0,0.0,0.0,0.0,0.0,0.0,0.0,0.0,0.0,0.0,0.0,0.0,0.0,0
6019,66.0,97.0,37.6,96.0,61.0,45.0,18.0,0.0,0.0,25.0,0.0,0.0,0.0,0.0,0.0,14.0,0.0,0.0,105.0,0.8,0.0,131.0,0.0,0.0,0.0,4.5,0.0,0.0,21.1,7.3,0.0,7.8,0.0,154.0,0
6019,63.0,99.0,37.5,96.0,62.0,46.0,22.0,0.0,0.0,0.0,0.0,0.0,0.0,0.0,0.0,0.0,0.0,0.0,0.0,0.0,0.0,0.0,0.0,0.0,0.0,0.0,0.0,0.0,0.0,0.0,0.0,0.0,0.0,0.0,0
6019,60.0,97.0,37.3,92.0,60.0,45.0,17.0,0.0,0.0,0.0,0.0,0.0,0.0,0.0,0.0,0.0,0.0,0.0,0.0,0.0,0.0,0.0,0.0,0.0,0.0,0.0,0.0,0.0,0.0,0.0,0.0,0.0,0.0,0.0,0
6019,66.0,99.0,37.5,111.0,69.0,51.0,25.0,0.0,0.0,0.0,0.0,0.0,0.0,0.0,0.0,0.0,0.0,0.0,0.0,0.0,0.0,0.0,0.0,0.0,0.0,0.0,0.0,0.0,0.0,0.0,0.0,0.0,0.0,0.0,0
6019,65.0,100.0,37.6,104.0,66.0,49.0,26.0,0.0,0.0,0.0,0.0,0.0,0.0,0.0,0.0,0.0,0.0,0.0,0.0,0.0,0.0,0.0,0.0,0.0,0.0,0.0,0.0,0.0,0.0,0.0,0.0,0.0,0.0,0.0,0
6019,63.0,98.0,37.5,107.0,68.0,50.0,25.0,0.0,0.0,0.0,0.0,0.0,0.0,0.0,0.0,0.0,0.0,0.0,0.0,0.0,0.0,0.0,0.0,0.0,0.0,0.0,0.0,0.0,22.9,8.0,0.0,8.6,0.0,140.0,0
6019,67.0,97.0,0.0,118.0,78.0,0.0,27.0,0.0,0.0,0.0,0.0,0.0,0.0,0.0,0.0,0.0,0.0,0.0,0.0,0.0,0.0,0.0,0.0,0.0,0.0,0.0,0.0,0.0,0.0,0.0,0.0,0.0,0.0,0.0,0
