6072,0.0,0.0,0.0,0.0,0.0,0.0,0.0,0.0,0.0,0.0,0.0,0.0,0.0,0.0,0.0,0.0,0.0,0.0,0.0,0.0,0.0,0.0,0.0,0.0,0.0,0.0,0.0,0.0,0.0,0.0,0.0,0.0,0.0,0.0,0
6072,87.0,98.0,0.0,0.0,83.0,0.0,26.0,0.0,0.0,27.0,0.0,0.0,0.0,0.0,93.0,103.0,158.0,0.0,99.0,0.0,0.0,0.0,0.0,2.5,0.0,3.3,0.0,0.0,21.9,7.9,0.0,5.0,0.0,0.0,0
6072,87.0,97.0,37.17,0.0,91.0,0.0,27.0,0.0,0.0,0.0,0.0,0.0,0.0,0.0,0.0,0.0,0.0,0.0,0.0,0.0,0.0,0.0,0.0,0.0,0.0,0.0,0.0,0.0,0.0,0.0,0.0,0.0,0.0,0.0,0
6072,92.0,98.0,37.44,0.0,86.0,0.0,31.0,0.0,0.0,0.0,0.0,0.0,0.0,0.0,0.0,0.0,0.0,0.0,0.0,0.0,0.0,0.0,0.0,0.0,0.0,0.0,0.0,0.0,0.0,0.0,0.0,0.0,0.0,0.0,1
6072,88.0,100.0,37.56,0.0,95.0,0.0,28.0,0.0,0.0,0.0,1.0,0.0,0.0,0.0,0.0,0.0,0.0,0.0,0.0,0.0,0.0,0.0,0.0,0.0,0.0,0.0,0.0,0.0,0.0,0.0,0.0,0.0,0.0,0.0,1
6072,85.0,100.0,0.0,0.0,104.0,0.0,27.0,0.0,0.0,0.0,0.5,0.0,0.0,0.0,0.0,0.0,0.0,0.0,0.0,0.0,0.0,0.0,0.0,0.0,0.0,0.0,0.0,0.0,0.0,0.0,0.0,0.0,0.0,0.0,1
6072,88.0,95.0,0.0,0.0,95.0,0.0,27.0,0.0,0.0,0.0,0.6,0.0,0.0,0.0,0.0,0.0,0.0,0.0,0.0,0.0,0.0,0.0,0.0,0.0,0.0,0.0,0.0,0.0,0.0,0.0,0.0,0.0,0.0,0.0,1
6072,97.0,94.0,0.0,0.0,97.0,0.0,33.0,0.0,0.0,0.0,0.0,0.0,0.0,0.0,0.0,0.0,0.0,0.0,0.0,0.0,0.0,0.0,0.0,0.0,0.0,0.0,0.0,0.0,0.0,0.0,0.0,0.0,0.0,0.0,1
6072,99.0,93.0,37.33,0.0,80.0,0.0,32.0,0.0,0.0,0.0,0.7,0.0,0.0,0.0,0.0,0.0,0.0,0.0,0.0,0.0,0.0,0.0,0.0,0.0,0.0,0.0,0.0,0.0,20.8,7.5,0.0,3.6,0.0,58.0,1
6072,108.0,93.0,0.0,0.0,97.0,0.0,31.5,0.0,0.0,0.0,1.0,7.34,48.0,93.0,0.0,0.0,0.0,0.0,0.0,0.0,0.0,0.0,2.2,0.0,0.0,3.7,0.0,0.0,20.8,7.5,0.0,3.6,0.0,0.0,1
6072,113.0,98.0,0.0,0.0,92.0,0.0,32.0,0.0,0.0,0.0,0.0,7.34,0.0,93.0,0.0,0.0,0.0,0.0,0.0,0.0,0.0,0.0,2.2,0.0,0.0,0.0,0.0,0.0,0.0,0.0,0.0,0.0,0.0,0.0,1
6072,113.0,100.0,0.0,0.0,0.0,0.0,30.0,0.0,0.0,24.0,0.0,0.0,0.0,0.0,88.0,107.0,143.0,8.3,101.0,2.9,0.0,150.0,0.0,2.5,4.1,3.6,7.6,0.0,19.3,6.9,27.9,3.9,0.0,48.0,1
6072,102.0,100.0,37.78,0.0,191.0,0.0,25.0,0.0,0.0,24.0,1.0,0.0,0.0,0.0,88.0,107.0,143.0,0.0,101.0,0.0,0.0,0.0,0.0,2.5,0.0,3.6,0.0,0.0,19.3,6.9,0.0,3.9,0.0,0.0,1
