6558,99.0,100.0,0.0,0.0,71.0,0.0,13.5,0.0,0.0,0.0,0.0,0.0,0.0,0.0,0.0,0.0,0.0,0.0,0.0,0.0,0.0,0.0,0.0,0.0,0.0,0.0,0.0,0.0,0.0,0.0,0.0,0.0,0.0,0.0,0
6558,97.5,100.0,0.0,0.0,0.0,0.0,15.0,0.0,-16.0,16.0,0.0,7.19,25.0,0.0,72.5,13.5,58.0,8.1,112.5,1.7,0.0,73.0,8.6,1.75,3.2,4.4,3.65,0.0,26.9,8.35,74.4,15.65,104.0,93.0,0
6558,96.0,100.0,0.0,0.0,70.0,0.0,13.0,0.0,0.0,0.0,0.0,0.0,0.0,0.0,0.0,0.0,0.0,0.0,0.0,0.0,0.0,0.0,0.0,0.0,0.0,0.0,0.0,0.0,0.0,0.0,0.0,0.0,0.0,0.0,0
6558,100.0,99.0,0.0,0.0,75.0,0.0,14.0,0.0,-15.0,11.0,0.0,7.24,24.0,96.0,0.0,12.0,0.0,7.7,113.0,1.6,0.0,85.0,8.9,1.6,2.9,4.7,0.0,0.0,0.0,0.0,0.0,0.0,0.0,0.0,0
6558,102.0,100.0,36.0,0.0,74.0,0.0,17.0,0.0,0.0,0.0,0.0,0.0,0.0,0.0,0.0,0.0,0.0,0.0,0.0,0.0,0.0,0.0,0.0,0.0,0.0,0.0,0.0,0.0,0.0,0.0,0.0,0.0,0.0,0.0,0
6558,92.0,100.0,0.0,0.0,79.0,0.0,14.0,0.0,-13.0,10.0,0.0,7.29,22.0,0.0,68.0,11.0,49.0,7.3,115.0,1.5,0.0,78.0,7.4,1.6,2.6,4.7,3.4,0.0,27.0,8.4,55.0,15.6,0.0,80.0,0
6558,90.0,100.0,0.0,0.0,62.0,0.0,15.0,0.0,0.0,0.0,0.0,0.0,0.0,0.0,0.0,0.0,0.0,0.0,0.0,0.0,0.0,0.0,0.0,0.0,0.0,0.0,0.0,0.0,0.0,0.0,0.0,0.0,0.0,0.0,0
6558,95.0,99.0,0.0,151.0,93.0,67.0,21.0,0.0,-11.0,0.0,0.0,7.36,20.0,0.0,0.0,0.0,0.0,0.0,0.0,0.0,0.0,69.0,5.8,0.0,0.0,0.0,0.0,0.0,0.0,0.0,0.0,0.0,0.0,0.0,0
6558,92.0,100.0,36.89,94.0,64.0,49.0,16.0,0.0,0.0,0.0,0.0,0.0,0.0,0.0,0.0,0.0,0.0,0.0,0.0,0.0,0.0,0.0,0.0,0.0,0.0,0.0,0.0,0.0,0.0,0.0,0.0,0.0,0.0,0.0,0
6558,91.0,100.0,36.72,106.0,68.0,51.0,15.0,0.0,0.0,0.0,0.0,0.0,0.0,0.0,0.0,0.0,0.0,0.0,0.0,0.0,0.0,0.0,0.0,0.0,0.0,0.0,0.0,0.0,0.0,0.0,0.0,0.0,0.0,0.0,0
6558,90.0,99.0,36.94,113.0,71.0,53.0,16.0,0.0,-9.0,13.0,0.0,7.38,23.0,0.0,71.0,12.0,40.0,0.0,116.0,1.5,0.0,75.5,4.8,2.1,2.3,4.5,3.3,0.0,0.0,0.0,76.3,0.0,71.0,0.0,0
6558,90.0,100.0,36.72,131.0,86.0,64.0,16.0,0.0,0.0,0.0,0.0,0.0,0.0,0.0,0.0,0.0,0.0,0.0,0.0,0.0,0.0,0.0,0.0,0.0,0.0,0.0,0.0,0.0,0.0,0.0,0.0,0.0,0.0,0.0,0
6558,87.0,100.0,36.89,122.0,79.0,58.0,18.0,0.0,0.0,0.0,0.0,0.0,0.0,0.0,0.0,0.0,0.0,0.0,0.0,0.0,0.0,0.0,0.0,0.0,0.0,0.0,0.0,0.0,25.7,8.5,0.0,13.2,0.0,61.0,0
6558,85.0,99.0,0.0,112.0,74.0,54.0,15.0,0.0,-9.0,0.0,0.0,7.39,21.0,0.0,0.0,0.0,0.0,0.0,0.0,0.0,0.0,0.0,3.4,0.0,0.0,0.0,0.0,0.0,0.0,0.0,0.0,0.0,0.0,0.0,0
6558,85.0,99.0,0.0,123.0,79.0,58.0,18.0,0.0,0.0,15.0,0.0,0.0,0.0,0.0,95.0,11.0,41.0,7.6,116.0,1.6,0.0,74.0,0.0,2.0,2.2,4.4,4.5,0.0,25.3,8.3,71.5,11.9,80.0,54.0,0
6558,88.0,100.0,0.0,122.0,82.0,63.0,13.0,0.0,0.0,0.0,0.0,0.0,0.0,0.0,0.0,0.0,0.0,0.0,0.0,0.0,0.0,0.0,0.0,0.0,0.0,0.0,0.0,0.0,0.0,0.0,0.0,0.0,0.0,0.0,0
6558,87.0,99.0,37.33,114.0,73.0,53.0,21.0,0.0,0.0,0.0,0.0,0.0,0.0,0.0,0.0,0.0,0.0,0.0,0.0,0.0,0.0,0.0,0.0,0.0,0.0,0.0,0.0,0.0,0.0,0.0,0.0,0.0,0.0,0.0,0
6558,83.0,99.0,37.0,118.0,78.0,57.0,15.0,0.0,0.0,0.0,0.0,0.0,0.0,0.0,0.0,0.0,0.0,0.0,0.0,0.0,0.0,0.0,0.0,0.0,0.0,0.0,0.0,0.0,0.0,0.0,0.0,0.0,0.0,0.0,0
6558,88.0,100.0,37.33,138.0,96.0,70.0,20.0,0.0,0.0,0.0,0.0,0.0,0.0,0.0,0.0,0.0,0.0,0.0,0.0,0.0,0.0,0.0,0.0,0.0,0.0,0.0,0.0,0.0,0.0,0.0,0.0,0.0,0.0,0.0,0
6558,79.0,99.0,0.0,117.0,73.0,53.0,13.0,0.0,0.0,0.0,0.0,0.0,0.0,0.0,0.0,0.0,0.0,0.0,0.0,0.0,0.0,0.0,0.0,0.0,0.0,0.0,0.0,0.0,0.0,0.0,0.0,0.0,0.0,0.0,0
6558,82.0,99.0,37.33,126.0,82.0,59.0,14.0,0.0,-6.0,17.0,0.0,7.38,28.0,0.0,111.0,11.0,41.0,7.6,115.0,1.6,0.0,72.0,2.0,2.0,1.9,4.1,5.4,0.0,28.8,9.7,68.0,12.2,0.0,55.0,0
6558,79.0,99.0,0.0,120.0,77.0,56.0,11.0,0.0,0.0,0.0,0.0,0.0,0.0,0.0,0.0,0.0,0.0,0.0,0.0,0.0,0.0,0.0,0.0,0.0,0.0,0.0,0.0,0.0,0.0,0.0,0.0,0.0,0.0,0.0,0
6558,79.0,98.0,0.0,107.0,69.0,51.0,14.0,0.0,0.0,0.0,0.0,0.0,0.0,0.0,0.0,0.0,0.0,0.0,0.0,0.0,0.0,0.0,0.0,0.0,0.0,0.0,0.0,0.0,0.0,0.0,0.0,0.0,0.0,0.0,0
6558,80.0,99.0,0.0,108.0,71.0,53.0,15.0,0.0,0.0,0.0,0.0,0.0,0.0,0.0,0.0,0.0,0.0,0.0,0.0,0.0,0.0,0.0,0.0,0.0,0.0,0.0,0.0,0.0,0.0,0.0,0.0,0.0,0.0,0.0,0
6558,79.0,99.0,36.78,116.0,74.0,54.0,12.0,0.0,0.0,0.0,0.0,0.0,0.0,0.0,0.0,0.0,0.0,0.0,0.0,0.0,0.0,0.0,0.0,0.0,0.0,0.0,0.0,0.0,0.0,0.0,0.0,0.0,0.0,0.0,0
6558,79.0,98.0,0.0,117.0,73.0,53.0,13.0,0.0,0.0,0.0,0.0,0.0,0.0,0.0,0.0,0.0,0.0,0.0,0.0,0.0,0.0,0.0,0.0,0.0,0.0,0.0,0.0,0.0,0.0,0.0,0.0,0.0,0.0,0.0,0
6558,82.0,98.0,0.0,127.0,83.0,60.0,17.0,0.0,0.0,0.0,0.0,0.0,0.0,0.0,0.0,0.0,0.0,0.0,0.0,0.0,0.0,0.0,0.0,0.0,0.0,0.0,0.0,0.0,0.0,0.0,0.0,0.0,0.0,0.0,0
6558,80.0,99.0,0.0,111.0,73.0,55.0,14.0,0.0,0.0,0.0,0.0,0.0,0.0,0.0,0.0,0.0,0.0,0.0,0.0,0.0,0.0,0.0,0.0,0.0,0.0,0.0,0.0,0.0,0.0,0.0,0.0,0.0,0.0,0.0,0
6558,82.0,99.0,36.67,121.0,78.0,57.0,16.0,0.0,-5.0,0.0,0.0,7.43,25.0,0.0,0.0,0.0,0.0,0.0,0.0,0.0,0.0,46.0,1.7,0.0,0.0,0.0,0.0,0.0,29.8,10.1,0.0,12.0,0.0,58.0,0
6558,87.0,100.0,0.0,125.0,84.0,62.0,21.0,0.0,0.0,0.0,0.0,0.0,0.0,0.0,0.0,0.0,0.0,0.0,0.0,0.0,0.0,0.0,0.0,0.0,0.0,0.0,0.0,0.0,0.0,0.0,0.0,0.0,0.0,0.0,0
6558,82.0,98.0,0.0,104.0,65.0,45.0,16.0,0.0,0.0,0.0,0.0,0.0,0.0,0.0,0.0,0.0,0.0,0.0,0.0,0.0,0.0,0.0,0.0,0.0,0.0,0.0,0.0,0.0,0.0,0.0,0.0,0.0,0.0,0.0,0
6558,82.0,98.0,0.0,91.0,56.0,39.0,15.0,0.0,0.0,0.0,0.0,0.0,0.0,0.0,0.0,0.0,0.0,0.0,0.0,0.0,0.0,0.0,0.0,0.0,0.0,0.0,0.0,0.0,0.0,0.0,0.0,0.0,0.0,0.0,0
6558,86.0,100.0,37.0,131.0,82.0,57.0,12.0,0.0,0.0,0.0,0.0,0.0,0.0,0.0,0.0,0.0,0.0,0.0,0.0,0.0,0.0,0.0,0.0,0.0,0.0,0.0,0.0,0.0,0.0,0.0,0.0,0.0,0.0,0.0,0
6558,87.0,99.0,0.0,127.0,81.0,58.0,21.0,0.0,0.0,0.0,0.0,0.0,0.0,0.0,0.0,0.0,0.0,0.0,0.0,0.0,0.0,0.0,0.0,0.0,0.0,0.0,0.0,0.0,0.0,0.0,0.0,0.0,0.0,0.0,0
6558,87.0,98.0,0.0,124.0,77.0,54.0,19.0,0.0,0.0,0.0,0.0,0.0,0.0,0.0,0.0,0.0,0.0,0.0,0.0,0.0,0.0,0.0,0.0,0.0,0.0,0.0,0.0,0.0,0.0,0.0,0.0,0.0,0.0,0.0,0
6558,88.0,99.0,0.0,138.0,95.0,74.0,18.0,0.0,0.0,0.0,0.0,0.0,0.0,0.0,0.0,0.0,0.0,0.0,0.0,0.0,0.0,0.0,0.0,0.0,0.0,0.0,0.0,0.0,0.0,0.0,0.0,0.0,0.0,0.0,0
6558,87.0,0.0,37.17,125.0,80.0,56.0,19.0,0.0,-7.0,15.0,0.0,7.41,23.0,0.0,127.0,12.0,46.0,7.7,117.0,1.6,0.0,100.0,2.8,2.0,2.1,4.1,6.2,0.0,29.7,10.2,67.7,13.9,0.0,55.0,0
6558,88.0,98.5,0.0,98.0,77.0,74.0,20.0,0.0,0.0,0.0,0.0,0.0,0.0,0.0,0.0,0.0,0.0,0.0,0.0,0.0,0.0,0.0,0.0,0.0,0.0,0.0,0.0,0.0,0.0,0.0,0.0,0.0,0.0,0.0,0
6558,85.0,100.0,0.0,95.0,65.0,84.0,18.0,0.0,0.0,0.0,0.0,0.0,0.0,0.0,0.0,0.0,0.0,0.0,0.0,0.0,0.0,0.0,0.0,0.0,0.0,0.0,0.0,0.0,0.0,0.0,0.0,0.0,0.0,0.0,0
6558,89.0,100.0,0.0,109.0,74.0,95.0,20.0,0.0,0.0,0.0,0.0,0.0,0.0,0.0,0.0,0.0,0.0,0.0,0.0,0.0,0.0,0.0,0.0,0.0,0.0,0.0,0.0,0.0,0.0,0.0,0.0,0.0,0.0,0.0,0
6558,83.0,100.0,36.89,129.0,66.0,61.0,19.0,0.0,0.0,0.0,0.0,0.0,0.0,0.0,0.0,0.0,0.0,0.0,0.0,0.0,0.0,0.0,0.0,0.0,0.0,0.0,0.0,0.0,0.0,0.0,0.0,0.0,0.0,0.0,0
6558,84.0,99.0,0.0,43.0,60.5,37.0,23.0,0.0,0.0,0.0,0.0,0.0,0.0,0.0,0.0,0.0,0.0,0.0,0.0,0.0,0.0,0.0,0.0,0.0,0.0,0.0,0.0,0.0,0.0,0.0,0.0,0.0,0.0,0.0,0
6558,86.0,99.0,0.0,0.0,73.0,0.0,21.0,0.0,0.0,0.0,0.0,0.0,0.0,0.0,0.0,0.0,0.0,0.0,0.0,0.0,0.0,0.0,0.0,0.0,0.0,0.0,0.0,0.0,0.0,0.0,0.0,0.0,0.0,0.0,0
6558,84.0,100.0,0.0,0.0,72.0,0.0,20.0,0.0,0.0,16.0,0.0,0.0,0.0,0.0,107.0,11.0,39.0,7.0,118.0,1.5,0.0,164.0,0.0,1.8,1.6,3.5,5.4,0.0,28.0,9.6,75.5,11.2,0.0,44.0,0
