6902,96.0,100.0,35.4,120.0,75.0,56.0,12.0,0.0,-4.0,0.0,1.0,7.32,41.5,0.0,0.0,0.0,0.0,0.0,0.0,0.0,0.0,147.5,0.0,0.0,0.0,4.0,0.0,0.0,25.0,8.25,48.9,35.2,234.0,228.0,0
6902,96.5,100.0,35.8,122.5,78.0,58.5,12.0,0.0,-2.0,24.0,0.6,7.28,51.0,83.0,0.0,15.0,0.0,0.0,109.0,0.6,0.0,130.0,0.0,0.0,0.0,3.9,0.0,0.0,26.0,8.6,47.8,34.7,0.0,222.0,0
6902,104.0,96.5,36.55,123.5,84.5,61.0,20.5,0.0,0.0,0.0,0.0,0.0,0.0,0.0,0.0,0.0,0.0,0.0,0.0,0.0,0.0,0.0,0.0,0.0,0.0,0.0,0.0,0.0,0.0,0.0,0.0,0.0,0.0,0.0,0
6902,102.0,98.0,36.75,127.5,86.0,68.0,25.0,0.0,0.0,0.0,0.4,7.41,36.5,97.0,0.0,0.0,0.0,0.0,0.0,0.0,0.0,121.0,0.0,0.0,0.0,0.0,0.0,0.0,0.0,0.0,0.0,0.0,0.0,0.0,0
6902,104.0,95.0,36.5,114.0,85.0,71.0,16.0,0.0,0.0,0.0,0.0,0.0,0.0,0.0,0.0,0.0,0.0,0.0,0.0,0.0,0.0,0.0,0.0,0.0,0.0,0.0,0.0,0.0,0.0,0.0,0.0,0.0,0.0,0.0,0
6902,106.0,95.0,36.6,115.0,85.0,72.0,23.0,0.0,0.0,0.0,0.0,0.0,0.0,0.0,0.0,0.0,0.0,0.0,0.0,0.0,0.0,0.0,0.0,0.0,0.0,0.0,0.0,0.0,0.0,0.0,0.0,0.0,0.0,0.0,0
6902,104.0,95.0,36.8,116.0,85.0,71.0,22.0,0.0,0.0,0.0,0.0,0.0,0.0,0.0,0.0,0.0,0.0,0.0,0.0,0.0,0.0,0.0,0.0,0.0,0.0,0.0,0.0,0.0,0.0,0.0,0.0,0.0,0.0,0.0,0
6902,98.0,95.0,37.0,106.0,79.0,66.0,16.0,0.0,0.0,0.0,0.0,7.44,37.0,97.0,0.0,0.0,0.0,0.0,0.0,0.0,0.0,85.0,0.0,2.1,0.0,4.6,0.0,0.0,26.1,0.0,0.0,0.0,0.0,0.0,0
6902,102.0,93.0,37.2,107.0,79.0,66.0,18.0,0.0,0.0,0.0,0.0,0.0,0.0,0.0,0.0,0.0,0.0,0.0,0.0,0.0,0.0,0.0,0.0,0.0,0.0,0.0,0.0,0.0,0.0,0.0,0.0,0.0,0.0,0.0,0
6902,110.0,94.0,37.4,129.0,96.0,81.0,27.0,0.0,0.0,0.0,0.0,0.0,0.0,0.0,0.0,0.0,0.0,0.0,0.0,0.0,0.0,0.0,0.0,0.0,0.0,0.0,0.0,0.0,0.0,0.0,0.0,0.0,0.0,0.0,0
6902,112.0,95.0,37.5,133.0,98.0,83.0,21.0,0.0,0.0,0.0,0.0,0.0,0.0,0.0,0.0,0.0,0.0,0.0,0.0,0.0,0.0,0.0,0.0,0.0,0.0,0.0,0.0,0.0,0.0,0.0,0.0,0.0,0.0,0.0,0
6902,108.0,96.0,37.4,120.0,89.0,74.0,22.0,0.0,0.0,0.0,0.0,0.0,0.0,0.0,0.0,0.0,0.0,0.0,0.0,0.0,0.0,0.0,0.0,0.0,0.0,0.0,0.0,0.0,0.0,0.0,0.0,0.0,0.0,0.0,0
6902,116.0,93.0,0.0,131.0,96.0,80.0,21.0,0.0,0.0,0.0,0.0,7.46,31.0,94.0,0.0,0.0,0.0,0.0,0.0,0.0,0.0,100.0,0.0,1.8,0.0,3.8,0.0,0.0,24.5,0.0,0.0,0.0,0.0,0.0,0
6902,122.0,87.0,37.7,124.0,96.0,82.0,26.0,0.0,0.0,0.0,0.7,0.0,0.0,0.0,0.0,0.0,0.0,0.0,0.0,0.0,0.0,0.0,0.0,0.0,0.0,0.0,0.0,0.0,0.0,0.0,0.0,0.0,0.0,0.0,0
6902,120.0,92.0,37.9,126.0,100.0,87.0,21.0,0.0,0.0,0.0,1.0,7.46,30.0,94.0,0.0,0.0,0.0,0.0,0.0,0.0,0.0,86.0,0.0,0.0,0.0,0.0,0.0,0.0,0.0,0.0,0.0,0.0,0.0,0.0,0
6902,119.0,91.0,38.0,125.0,99.0,86.0,21.0,0.0,0.0,0.0,0.0,0.0,0.0,0.0,0.0,0.0,0.0,0.0,0.0,0.0,0.0,0.0,0.0,0.0,0.0,0.0,0.0,0.0,0.0,0.0,0.0,0.0,0.0,0.0,0
6902,120.0,94.0,38.3,124.0,98.0,86.0,24.0,0.0,0.0,0.0,0.0,0.0,0.0,0.0,0.0,0.0,0.0,0.0,0.0,0.0,0.0,0.0,0.0,0.0,0.0,0.0,0.0,0.0,0.0,0.0,0.0,0.0,0.0,0.0,0
6902,123.0,94.0,38.6,126.0,98.0,84.0,28.0,0.0,0.0,24.0,1.0,7.45,35.5,96.0,0.0,15.0,0.0,0.0,104.0,0.7,0.0,69.0,0.0,0.0,0.0,3.6,0.0,0.0,28.0,9.6,31.9,18.1,0.0,241.0,0
6902,110.0,95.0,38.1,120.0,94.0,83.0,23.0,0.0,0.0,0.0,0.7,0.0,0.0,0.0,0.0,0.0,0.0,0.0,0.0,0.0,0.0,0.0,0.0,0.0,0.0,0.0,0.0,0.0,0.0,0.0,0.0,0.0,0.0,0.0,0
6902,105.0,97.0,37.8,116.0,90.0,78.0,22.0,0.0,0.0,0.0,0.5,0.0,0.0,0.0,0.0,0.0,0.0,0.0,0.0,0.0,0.0,0.0,0.0,0.0,0.0,0.0,0.0,0.0,0.0,0.0,0.0,0.0,0.0,0.0,0
6902,106.0,94.0,37.7,122.0,98.0,87.0,27.0,0.0,0.0,0.0,0.0,0.0,0.0,0.0,0.0,0.0,0.0,0.0,0.0,0.0,0.0,0.0,0.0,0.0,0.0,0.0,0.0,0.0,0.0,0.0,0.0,0.0,0.0,0.0,0
6902,105.0,93.0,37.7,112.0,89.0,78.0,27.0,0.0,0.0,0.0,0.0,0.0,0.0,0.0,0.0,0.0,0.0,0.0,0.0,0.0,0.0,0.0,0.0,0.0,0.0,0.0,0.0,0.0,0.0,0.0,0.0,0.0,0.0,0.0,0
6902,99.0,93.0,0.0,112.0,86.0,73.0,29.0,0.0,0.0,0.0,0.0,0.0,0.0,0.0,0.0,0.0,0.0,0.0,0.0,0.0,0.0,0.0,0.0,0.0,0.0,0.0,0.0,0.0,0.0,0.0,0.0,0.0,0.0,0.0,0
6902,95.0,95.0,0.0,116.0,81.0,0.0,22.0,0.0,0.0,0.0,0.0,0.0,0.0,0.0,0.0,0.0,0.0,0.0,0.0,0.0,0.0,0.0,0.0,0.0,0.0,0.0,0.0,0.0,0.0,0.0,0.0,0.0,0.0,0.0,0
6902,83.0,96.0,0.0,119.0,84.0,0.0,20.0,0.0,0.0,0.0,0.0,0.0,0.0,0.0,0.0,0.0,0.0,0.0,0.0,0.0,0.0,0.0,0.0,0.0,0.0,0.0,0.0,0.0,0.0,0.0,0.0,0.0,0.0,0.0,0
6902,98.0,96.0,37.17,128.0,90.0,0.0,27.0,0.0,0.0,0.0,0.0,0.0,0.0,0.0,0.0,0.0,0.0,0.0,0.0,0.0,0.0,0.0,0.0,0.0,0.0,0.0,0.0,0.0,0.0,0.0,0.0,0.0,0.0,0.0,0
6902,95.0,91.0,0.0,122.0,83.0,0.0,23.0,0.0,0.0,0.0,0.0,0.0,0.0,0.0,0.0,0.0,0.0,0.0,0.0,0.0,0.0,0.0,0.0,0.0,0.0,0.0,0.0,0.0,0.0,0.0,0.0,0.0,0.0,0.0,0
6902,90.0,96.0,0.0,106.0,78.0,0.0,19.0,0.0,0.0,0.0,0.0,0.0,0.0,0.0,0.0,0.0,0.0,0.0,0.0,0.0,0.0,0.0,0.0,0.0,0.0,0.0,0.0,0.0,0.0,0.0,0.0,0.0,0.0,0.0,0
