6986,83.0,100.0,35.6,93.5,64.5,50.5,14.75,0.0,0.0,0.0,1.0,0.0,0.0,0.0,0.0,0.0,0.0,0.0,0.0,0.0,0.0,0.0,0.0,0.0,0.0,0.0,0.0,0.0,0.0,0.0,0.0,0.0,0.0,0.0,0
6986,93.5,100.0,36.35,113.5,73.5,57.0,13.5,0.0,-4.0,0.0,0.7,7.31,42.0,0.0,0.0,9.0,0.0,0.0,112.0,0.0,0.0,114.0,0.0,0.0,0.0,3.6,0.0,0.0,26.2,9.3,0.0,7.9,0.0,0.0,0
6986,97.0,100.0,37.2,120.5,80.5,61.5,37.0,0.0,-2.0,0.0,0.6,7.34,44.0,98.0,0.0,0.0,0.0,0.0,0.0,0.0,0.0,143.0,0.0,0.0,0.0,0.0,0.0,0.0,0.0,0.0,0.0,0.0,0.0,0.0,0
6986,98.0,100.0,37.5,98.0,73.0,61.0,16.5,0.0,0.0,0.0,0.5,0.0,0.0,0.0,0.0,0.0,0.0,0.0,0.0,0.0,0.0,0.0,0.0,0.0,0.0,0.0,0.0,0.0,0.0,0.0,0.0,0.0,0.0,0.0,0
6986,95.5,98.5,37.4,104.0,74.5,61.0,20.0,0.0,-5.0,0.0,0.5,7.34,36.0,99.0,0.0,0.0,0.0,0.0,0.0,0.0,0.0,126.0,0.0,0.0,0.0,4.3,0.0,0.0,0.0,0.0,0.0,0.0,0.0,0.0,0
6986,90.0,98.0,37.2,101.0,73.0,60.0,19.0,0.0,-4.0,0.0,0.0,7.33,40.0,99.0,0.0,0.0,0.0,0.0,0.0,0.0,0.0,126.0,0.0,2.9,0.0,4.2,0.0,0.0,27.9,0.0,0.0,0.0,0.0,0.0,0
6986,92.0,98.0,37.3,105.0,72.0,58.0,21.0,0.0,0.0,0.0,0.0,0.0,0.0,0.0,0.0,0.0,0.0,0.0,0.0,0.0,0.0,123.0,0.0,0.0,0.0,0.0,0.0,0.0,0.0,0.0,0.0,0.0,0.0,0.0,0
6986,94.0,98.0,37.5,107.0,75.0,63.0,23.0,0.0,0.0,0.0,0.0,0.0,0.0,0.0,0.0,0.0,0.0,0.0,0.0,0.0,0.0,0.0,0.0,0.0,0.0,0.0,0.0,0.0,0.0,0.0,0.0,0.0,0.0,0.0,0
6986,96.0,100.0,37.7,102.0,67.0,53.0,19.0,0.0,0.0,0.0,0.0,7.4,0.0,0.0,0.0,0.0,0.0,0.0,0.0,0.0,0.0,79.0,0.0,0.0,0.0,4.3,0.0,0.0,0.0,0.0,0.0,0.0,0.0,0.0,0
6986,87.0,99.0,37.5,113.0,71.0,53.0,19.0,0.0,0.0,0.0,0.0,0.0,0.0,0.0,0.0,0.0,0.0,0.0,0.0,0.0,0.0,0.0,0.0,0.0,0.0,0.0,0.0,0.0,0.0,0.0,0.0,0.0,0.0,0.0,0
6986,84.0,99.0,37.6,113.0,73.0,56.0,19.0,0.0,0.0,0.0,0.0,0.0,0.0,0.0,0.0,0.0,0.0,0.0,0.0,0.0,0.0,0.0,0.0,0.0,0.0,0.0,0.0,0.0,0.0,0.0,0.0,0.0,0.0,0.0,0
6986,85.0,98.0,37.6,116.0,76.0,58.0,21.0,0.0,0.0,0.0,0.0,0.0,0.0,0.0,0.0,0.0,0.0,0.0,0.0,0.0,0.0,0.0,0.0,0.0,0.0,0.0,0.0,0.0,0.0,0.0,0.0,0.0,0.0,0.0,0
6986,86.0,98.0,37.6,105.0,69.0,54.0,20.0,0.0,0.0,0.0,0.0,0.0,0.0,0.0,0.0,0.0,0.0,0.0,0.0,0.0,0.0,0.0,0.0,0.0,0.0,0.0,0.0,0.0,0.0,0.0,0.0,0.0,0.0,0.0,0
6986,87.0,98.0,37.7,118.0,76.0,59.0,25.0,0.0,-3.0,20.0,0.0,7.41,31.0,98.0,0.0,6.0,0.0,0.0,105.0,0.4,0.0,135.0,0.0,1.9,0.0,4.2,0.0,0.0,25.1,9.0,30.8,10.6,0.0,138.0,0
6986,86.0,98.0,37.6,124.0,79.0,61.0,20.0,0.0,0.0,0.0,0.0,0.0,0.0,0.0,0.0,0.0,0.0,0.0,0.0,0.0,0.0,0.0,0.0,0.0,0.0,0.0,0.0,0.0,0.0,0.0,0.0,0.0,0.0,0.0,0
6986,86.0,98.0,37.6,0.0,0.0,0.0,21.0,0.0,0.0,0.0,0.0,0.0,0.0,0.0,0.0,0.0,0.0,0.0,0.0,0.0,0.0,0.0,0.0,0.0,0.0,0.0,0.0,0.0,0.0,0.0,0.0,0.0,0.0,0.0,0
6986,89.0,97.0,0.0,101.0,61.0,0.0,21.0,0.0,0.0,0.0,0.0,0.0,0.0,0.0,0.0,0.0,0.0,0.0,0.0,0.0,0.0,0.0,0.0,0.0,0.0,0.0,0.0,0.0,0.0,0.0,0.0,0.0,0.0,0.0,0
6986,87.0,98.0,37.61,107.0,68.0,0.0,24.0,0.0,0.0,0.0,0.0,0.0,0.0,0.0,0.0,0.0,0.0,0.0,0.0,0.0,0.0,0.0,0.0,0.0,0.0,0.0,0.0,0.0,0.0,0.0,0.0,0.0,0.0,0.0,0
6986,88.0,97.0,0.0,104.0,65.0,0.0,22.0,0.0,0.0,0.0,0.0,0.0,0.0,0.0,0.0,0.0,0.0,0.0,0.0,0.0,0.0,166.0,0.0,0.0,0.0,0.0,0.0,0.0,0.0,0.0,0.0,0.0,0.0,0.0,0
