7193,0.0,0.0,0.0,0.0,0.0,0.0,0.0,0.0,0.0,0.0,0.0,0.0,0.0,0.0,0.0,0.0,0.0,0.0,0.0,0.0,0.0,0.0,0.0,0.0,0.0,0.0,0.0,0.0,0.0,0.0,0.0,0.0,0.0,0.0,0
7193,90.5,100.0,36.89,102.0,68.5,62.0,21.0,0.0,-3.0,0.0,0.5,7.29,48.0,0.0,0.0,0.0,0.0,0.0,0.0,0.0,0.0,125.0,2.8,0.0,0.0,0.0,0.0,0.0,0.0,0.0,0.0,0.0,0.0,0.0,0
7193,98.0,100.0,37.17,90.0,64.0,54.0,22.0,0.0,-2.0,0.0,0.0,7.33,45.0,0.0,0.0,0.0,0.0,0.0,0.0,0.0,0.0,0.0,2.4,0.0,0.0,0.0,0.0,0.0,33.4,0.0,0.0,0.0,0.0,0.0,0
7193,93.0,100.0,37.06,124.5,81.0,68.0,22.0,0.0,0.0,0.0,0.0,0.0,0.0,0.0,0.0,0.0,0.0,0.0,0.0,0.0,0.0,0.0,0.0,0.0,0.0,0.0,0.0,0.0,0.0,0.0,0.0,0.0,0.0,0.0,0
7193,0.0,0.0,0.0,0.0,0.0,0.0,0.0,0.0,0.0,0.0,0.0,0.0,0.0,0.0,0.0,0.0,0.0,0.0,0.0,0.0,0.0,0.0,0.0,0.0,0.0,0.0,0.0,0.0,0.0,0.0,0.0,0.0,0.0,0.0,0
7193,88.0,100.0,36.61,110.0,77.0,63.0,22.0,0.0,0.0,0.0,0.0,0.0,0.0,0.0,0.0,0.0,0.0,0.0,0.0,0.0,0.0,0.0,0.0,0.0,0.0,0.0,0.0,0.0,29.0,0.0,0.0,0.0,0.0,0.0,0
7193,90.0,100.0,0.0,130.0,92.0,68.5,22.0,0.0,3.0,0.0,0.5,7.42,42.0,0.0,0.0,0.0,0.0,0.0,0.0,0.0,0.0,117.0,1.4,0.0,0.0,0.0,0.0,0.0,0.0,0.0,0.0,0.0,0.0,0.0,0
7193,99.0,100.0,37.06,122.0,85.0,68.0,22.0,0.0,0.0,0.0,0.0,0.0,0.0,0.0,0.0,0.0,0.0,0.0,0.0,0.0,0.0,0.0,0.0,0.0,0.0,0.0,0.0,0.0,0.0,0.0,0.0,0.0,0.0,0.0,0
7193,103.0,100.0,0.0,96.0,69.0,55.0,22.0,0.0,0.0,0.0,0.0,0.0,0.0,0.0,0.0,0.0,0.0,0.0,0.0,0.0,0.0,0.0,0.0,0.0,0.0,0.0,0.0,0.0,0.0,0.0,0.0,0.0,0.0,0.0,0
7193,102.0,100.0,0.0,98.5,58.0,63.0,22.0,0.0,0.0,0.0,0.5,0.0,0.0,0.0,0.0,0.0,0.0,0.0,0.0,0.0,0.0,0.0,0.0,0.0,0.0,0.0,0.0,0.0,0.0,0.0,0.0,0.0,0.0,0.0,0
7193,103.0,100.0,37.61,111.0,72.67,60.0,22.0,0.0,5.0,0.0,0.5,7.45,42.0,0.0,0.0,0.0,0.0,0.0,0.0,0.0,0.0,103.0,1.9,0.0,0.0,0.0,0.0,0.0,27.5,0.0,0.0,0.0,0.0,0.0,0
7193,103.0,100.0,0.0,119.0,72.67,66.0,22.0,0.0,0.0,0.0,0.0,0.0,0.0,0.0,0.0,0.0,0.0,0.0,0.0,0.0,0.0,0.0,0.0,0.0,0.0,0.0,0.0,0.0,0.0,0.0,0.0,0.0,0.0,0.0,0
7193,109.0,100.0,38.0,140.0,88.0,66.0,22.0,0.0,0.0,0.0,0.5,0.0,0.0,0.0,0.0,0.0,0.0,0.0,0.0,0.0,0.0,0.0,0.0,0.0,0.0,0.0,0.0,0.0,0.0,0.0,0.0,0.0,0.0,0.0,0
7193,115.0,100.0,0.0,125.0,83.0,61.0,22.0,0.0,0.0,0.0,0.0,0.0,0.0,0.0,0.0,0.0,0.0,0.0,0.0,0.0,0.0,0.0,0.0,0.0,0.0,0.0,0.0,0.0,0.0,0.0,0.0,0.0,0.0,0.0,0
7193,116.0,100.0,0.0,102.5,76.5,63.5,22.0,0.0,0.0,0.0,0.0,0.0,0.0,0.0,0.0,0.0,0.0,0.0,0.0,0.0,0.0,0.0,0.0,0.0,0.0,0.0,0.0,0.0,28.8,0.0,0.0,0.0,0.0,0.0,0
7193,123.0,100.0,38.11,101.0,76.0,63.0,22.0,0.0,0.0,0.0,0.5,0.0,0.0,0.0,0.0,0.0,0.0,0.0,0.0,0.0,0.0,0.0,0.0,0.0,0.0,0.0,0.0,0.0,0.0,0.0,0.0,0.0,0.0,0.0,0
7193,124.0,100.0,38.61,100.0,74.0,60.0,22.0,0.0,0.0,0.0,0.0,0.0,0.0,0.0,0.0,0.0,0.0,0.0,0.0,0.0,0.0,0.0,0.0,0.0,0.0,0.0,0.0,0.0,0.0,0.0,0.0,0.0,0.0,0.0,0
7193,115.0,100.0,0.0,115.0,79.0,68.0,22.0,0.0,0.0,0.0,0.0,0.0,0.0,0.0,0.0,0.0,0.0,0.0,0.0,0.0,0.0,0.0,0.0,0.0,0.0,0.0,0.0,0.0,0.0,0.0,0.0,0.0,0.0,0.0,0
7193,107.0,100.0,0.0,122.0,79.0,68.0,22.0,0.0,0.0,27.0,0.0,0.0,0.0,0.0,0.0,10.0,0.0,7.9,105.0,1.0,0.0,108.0,0.0,1.7,2.8,4.0,0.0,0.0,27.1,9.7,0.0,6.7,0.0,126.0,0
7193,106.0,100.0,0.0,117.0,82.0,65.0,22.0,0.0,0.0,0.0,0.4,0.0,0.0,0.0,0.0,0.0,0.0,0.0,0.0,0.0,0.0,0.0,0.0,0.0,0.0,0.0,0.0,0.0,0.0,0.0,0.0,0.0,0.0,0.0,0
7193,104.0,100.0,37.44,123.0,83.0,64.0,22.0,0.0,0.0,0.0,0.0,0.0,0.0,0.0,0.0,0.0,0.0,0.0,0.0,0.0,0.0,0.0,0.0,0.0,0.0,0.0,0.0,0.0,0.0,0.0,0.0,0.0,0.0,0.0,0
7193,99.0,100.0,0.0,132.0,89.0,70.0,22.0,0.0,6.0,0.0,0.0,7.49,38.0,99.0,0.0,0.0,0.0,0.0,0.0,0.0,0.0,0.0,0.0,0.0,0.0,0.0,0.0,0.0,0.0,0.0,0.0,0.0,0.0,0.0,0
7193,106.0,100.0,0.0,126.0,86.0,66.0,20.0,0.0,7.0,0.0,0.4,7.48,42.0,98.0,0.0,0.0,0.0,0.0,0.0,0.0,0.0,0.0,0.0,0.0,0.0,0.0,0.0,0.0,27.4,0.0,0.0,0.0,0.0,0.0,0
7193,110.0,100.0,0.0,116.0,83.0,66.0,20.0,0.0,0.0,0.0,0.0,0.0,0.0,0.0,0.0,0.0,0.0,0.0,0.0,0.0,0.0,0.0,0.0,0.0,0.0,0.0,0.0,0.0,0.0,0.0,0.0,0.0,0.0,0.0,0
7193,109.0,100.0,37.78,126.0,86.5,68.0,20.0,0.0,0.0,0.0,0.4,0.0,0.0,0.0,0.0,0.0,0.0,0.0,0.0,0.0,0.0,0.0,0.0,0.0,0.0,0.0,0.0,0.0,0.0,0.0,0.0,0.0,0.0,0.0,0
7193,0.0,0.0,0.0,0.0,0.0,0.0,0.0,0.0,6.0,0.0,0.0,7.46,42.0,98.0,0.0,0.0,0.0,0.0,0.0,0.0,0.0,100.0,0.8,0.0,0.0,3.7,0.0,0.0,24.0,8.0,0.0,0.0,0.0,0.0,0
7193,0.0,0.0,0.0,0.0,0.0,0.0,0.0,0.0,0.0,0.0,0.0,0.0,0.0,0.0,0.0,0.0,0.0,0.0,0.0,0.0,0.0,0.0,0.0,0.0,0.0,0.0,0.0,0.0,0.0,0.0,0.0,0.0,0.0,0.0,0
7193,0.0,0.0,0.0,0.0,0.0,0.0,0.0,0.0,3.0,0.0,0.0,7.43,40.5,0.0,0.0,0.0,0.0,0.0,0.0,0.0,0.0,116.0,1.4,0.0,0.0,4.0,0.0,0.0,31.5,10.4,0.0,0.0,0.0,0.0,0
7193,100.0,100.0,36.56,125.0,84.0,67.0,20.0,0.0,0.0,0.0,0.4,0.0,0.0,0.0,0.0,0.0,0.0,0.0,0.0,0.0,0.0,0.0,0.0,0.0,0.0,0.0,0.0,0.0,0.0,0.0,0.0,0.0,0.0,0.0,0
7193,105.0,100.0,0.0,102.0,69.0,53.0,20.0,0.0,0.0,0.0,0.0,0.0,0.0,0.0,0.0,0.0,0.0,0.0,0.0,0.0,0.0,0.0,0.0,0.0,0.0,0.0,0.0,0.0,0.0,0.0,0.0,0.0,0.0,0.0,0
7193,98.0,100.0,37.17,105.0,70.0,55.0,20.0,0.0,5.0,26.0,0.0,7.46,41.0,0.0,0.0,10.0,0.0,8.0,104.0,1.0,0.0,113.0,1.4,1.9,2.2,4.1,0.0,0.0,27.5,9.8,26.5,8.8,0.0,104.0,0
7193,93.0,100.0,0.0,106.0,69.0,54.0,20.0,0.0,0.0,0.0,0.0,0.0,0.0,0.0,0.0,0.0,0.0,0.0,0.0,0.0,0.0,0.0,0.0,0.0,0.0,0.0,0.0,0.0,0.0,0.0,0.0,0.0,0.0,0.0,0
7193,123.5,100.0,38.0,146.5,90.0,66.5,16.0,0.0,2.0,0.0,0.4,7.35,55.0,0.0,0.0,0.0,0.0,0.0,0.0,0.0,0.0,0.0,0.0,0.0,0.0,0.0,0.0,0.0,28.8,0.0,0.0,0.0,0.0,0.0,0
7193,119.0,98.0,0.0,102.0,66.0,48.0,20.0,0.0,0.0,0.0,0.0,0.0,0.0,0.0,0.0,0.0,0.0,0.0,0.0,0.0,0.0,0.0,0.0,0.0,0.0,0.0,0.0,0.0,0.0,0.0,0.0,0.0,0.0,0.0,0
7193,103.0,100.0,0.0,103.0,66.0,52.0,20.0,0.0,0.0,0.0,0.0,0.0,0.0,0.0,0.0,0.0,0.0,0.0,0.0,0.0,0.0,0.0,0.0,0.0,0.0,0.0,0.0,0.0,0.0,0.0,0.0,0.0,0.0,0.0,0
7193,0.0,0.0,0.0,0.0,0.0,0.0,0.0,0.0,6.0,0.0,0.0,7.47,41.0,0.0,0.0,0.0,0.0,0.0,0.0,0.0,0.0,0.0,0.0,0.0,0.0,0.0,0.0,0.0,24.7,0.0,0.0,0.0,0.0,0.0,0
7193,95.0,100.0,37.5,107.0,66.0,48.0,20.0,0.0,0.0,0.0,0.4,0.0,0.0,0.0,0.0,0.0,0.0,0.0,0.0,0.0,0.0,0.0,0.0,0.0,0.0,0.0,0.0,0.0,0.0,0.0,0.0,0.0,0.0,0.0,0
7193,94.0,100.0,0.0,110.0,67.0,49.0,20.0,0.0,0.0,0.0,0.0,0.0,0.0,0.0,0.0,0.0,0.0,0.0,0.0,0.0,0.0,0.0,0.0,0.0,0.0,0.0,0.0,0.0,23.8,0.0,0.0,0.0,0.0,0.0,0
