7253,80.0,95.5,36.0,116.5,74.0,56.0,12.0,0.0,-2.0,0.0,0.0,7.34,42.0,0.0,0.0,0.0,0.0,8.9,0.0,0.0,0.0,219.0,0.0,2.4,0.0,3.9,0.0,0.0,31.8,0.0,0.0,0.0,0.0,114.0,0
7253,80.0,98.5,36.1,100.0,67.0,53.0,12.0,0.0,-2.0,0.0,0.8,7.35,41.0,98.0,0.0,0.0,0.0,0.0,0.0,0.0,0.0,0.0,0.0,0.0,0.0,0.0,0.0,0.0,0.0,0.0,30.9,0.0,0.0,0.0,0
7253,80.0,100.0,36.35,111.0,76.0,59.0,12.0,0.0,-3.0,0.0,0.0,7.36,37.0,98.0,0.0,0.0,0.0,0.0,0.0,0.0,0.0,0.0,0.0,0.0,0.0,0.0,0.0,0.0,0.0,0.0,0.0,0.0,0.0,0.0,0
7253,80.0,99.5,36.6,99.0,70.0,57.5,12.0,0.0,0.0,0.0,0.6,0.0,0.0,0.0,0.0,0.0,0.0,0.0,0.0,0.0,0.0,0.0,0.0,0.0,0.0,0.0,0.0,0.0,0.0,0.0,0.0,0.0,0.0,0.0,0
7253,79.0,98.5,36.85,104.5,74.0,58.5,12.0,0.0,-3.0,0.0,0.5,7.35,38.0,0.0,0.0,0.0,0.0,0.0,0.0,0.0,0.0,0.0,0.0,0.0,0.0,0.0,0.0,0.0,0.0,0.0,0.0,0.0,0.0,0.0,0
7253,80.0,95.0,37.1,124.0,83.0,63.0,12.0,0.0,-9.0,0.0,0.55,7.31,31.0,0.0,0.0,0.0,0.0,0.0,0.0,0.0,0.0,0.0,0.0,0.0,0.0,0.0,0.0,0.0,0.0,0.0,0.0,0.0,0.0,0.0,0
7253,80.0,99.0,37.2,120.0,81.0,61.0,12.0,0.0,-2.0,0.0,0.0,7.38,36.0,97.0,0.0,0.0,0.0,0.0,0.0,0.0,0.0,230.0,0.0,0.0,0.0,0.0,0.0,0.0,38.0,12.5,0.0,0.0,0.0,0.0,0
7253,80.0,100.0,37.25,115.0,76.0,59.5,12.0,0.0,0.0,0.0,0.5,0.0,0.0,0.0,0.0,0.0,0.0,0.0,0.0,0.0,0.0,0.0,0.0,0.0,0.0,0.0,0.0,0.0,0.0,0.0,0.0,0.0,0.0,0.0,0
7253,80.5,96.0,37.45,125.0,85.0,66.0,23.0,0.0,0.0,0.0,0.5,0.0,0.0,0.0,0.0,0.0,0.0,0.0,0.0,0.0,0.0,0.0,0.0,0.0,0.0,0.0,0.0,0.0,0.0,0.0,0.0,0.0,0.0,0.0,0
7253,81.5,97.0,37.15,127.5,84.5,64.0,24.0,0.0,-1.0,0.0,0.0,7.38,39.0,96.0,0.0,0.0,0.0,0.0,0.0,0.0,0.0,0.0,0.0,0.0,0.0,0.0,0.0,0.0,0.0,0.0,0.0,0.0,0.0,0.0,0
7253,80.0,94.0,37.1,120.0,79.0,60.0,25.0,0.0,0.0,0.0,0.0,0.0,0.0,0.0,0.0,0.0,0.0,0.0,0.0,0.0,0.0,0.0,0.0,0.0,0.0,0.0,0.0,0.0,0.0,0.0,0.0,0.0,0.0,0.0,0
7253,96.5,92.5,37.2,109.0,67.0,50.0,27.0,0.0,0.0,0.0,0.0,0.0,0.0,0.0,0.0,0.0,0.0,0.0,0.0,0.0,0.0,0.0,0.0,0.0,0.0,0.0,0.0,0.0,0.0,0.0,0.0,0.0,0.0,0.0,0
7253,92.0,94.0,37.0,114.0,68.0,50.0,26.0,0.0,0.0,0.0,0.0,0.0,0.0,0.0,0.0,0.0,0.0,0.0,0.0,0.0,0.0,0.0,0.0,0.0,0.0,0.0,0.0,0.0,0.0,0.0,0.0,0.0,0.0,0.0,0
7253,97.0,97.0,37.2,111.0,68.0,51.0,30.0,0.0,0.0,0.0,0.0,0.0,0.0,0.0,0.0,0.0,0.0,0.0,0.0,0.0,0.0,0.0,0.0,0.0,0.0,0.0,0.0,0.0,0.0,0.0,0.0,0.0,0.0,0.0,0
