738,100.5,100.0,36.05,106.0,78.0,63.0,13.0,0.0,0.0,24.0,0.9,7.31,52.0,0.0,0.0,15.0,0.0,0.0,113.0,0.9,0.0,108.0,2.0,0.0,0.0,4.1,0.0,0.0,32.7,11.1,37.2,9.4,195.0,173.0,0
738,92.5,100.0,36.1,122.5,89.5,71.5,14.0,0.0,0.0,24.0,0.0,7.38,43.0,0.0,0.0,15.0,0.0,0.0,113.0,0.0,0.0,103.0,0.0,0.0,0.0,0.0,0.0,0.0,32.7,11.1,0.0,9.4,0.0,0.0,0
738,89.5,100.0,36.25,111.0,78.0,63.0,14.0,0.0,0.0,0.0,0.5,7.38,0.0,0.0,0.0,0.0,0.0,0.0,0.0,0.0,0.0,0.0,0.0,0.0,0.0,0.0,0.0,0.0,0.0,0.0,0.0,0.0,0.0,0.0,0
738,84.0,99.5,36.8,112.0,78.0,63.0,14.0,0.0,-2.0,0.0,0.5,7.35,42.0,0.0,0.0,0.0,0.0,0.0,0.0,0.0,0.0,113.0,0.0,0.0,0.0,4.0,0.0,0.0,0.0,0.0,0.0,0.0,0.0,0.0,0
738,83.0,99.0,37.1,114.0,82.0,66.0,15.0,0.0,-2.0,0.0,0.5,7.35,0.0,0.0,0.0,0.0,0.0,0.0,0.0,0.0,0.0,0.0,0.0,0.0,0.0,0.0,0.0,0.0,0.0,0.0,0.0,0.0,0.0,0.0,0
738,85.0,99.0,37.3,106.0,78.0,63.0,16.0,0.0,0.0,0.0,0.0,0.0,0.0,0.0,0.0,0.0,0.0,0.0,0.0,0.0,0.0,0.0,0.0,0.0,0.0,0.0,0.0,0.0,0.0,0.0,0.0,0.0,0.0,0.0,0
738,92.0,98.0,37.3,122.0,90.0,72.0,15.0,0.0,0.0,0.0,0.0,0.0,0.0,0.0,0.0,0.0,0.0,0.0,0.0,0.0,0.0,122.0,0.0,0.0,0.0,0.0,0.0,0.0,31.6,0.0,0.0,0.0,0.0,0.0,0
738,99.0,98.0,37.7,113.0,84.0,69.0,17.0,0.0,0.0,0.0,0.0,0.0,0.0,0.0,0.0,0.0,0.0,0.0,0.0,0.0,0.0,0.0,0.0,0.0,0.0,0.0,0.0,0.0,31.6,0.0,0.0,0.0,0.0,0.0,0
738,98.0,96.0,37.7,118.0,84.0,67.0,17.0,0.0,0.0,0.0,0.0,7.38,0.0,0.0,0.0,0.0,0.0,0.0,0.0,0.0,0.0,130.0,0.0,0.0,0.0,4.3,0.0,0.0,0.0,0.0,0.0,0.0,0.0,0.0,0
738,100.0,98.0,37.8,109.0,81.0,66.0,17.0,0.0,0.0,0.0,0.0,7.38,0.0,0.0,0.0,0.0,0.0,0.0,0.0,0.0,0.0,158.0,0.0,0.0,0.0,0.0,0.0,0.0,0.0,0.0,0.0,0.0,0.0,0.0,0
738,97.0,95.0,37.5,123.0,90.0,71.0,15.0,0.0,0.0,0.0,0.0,0.0,0.0,0.0,0.0,0.0,0.0,0.0,0.0,0.0,0.0,138.0,0.0,0.0,0.0,0.0,0.0,0.0,0.0,0.0,0.0,0.0,0.0,0.0,0
738,97.0,97.0,37.6,121.0,88.0,70.0,15.0,0.0,0.0,0.0,0.0,7.43,0.0,0.0,0.0,0.0,0.0,0.0,0.0,0.0,0.0,120.0,0.0,0.0,0.0,4.2,0.0,0.0,0.0,0.0,0.0,0.0,0.0,0.0,0
738,98.0,97.0,37.7,111.0,81.0,66.0,16.0,0.0,0.0,0.0,0.0,7.43,0.0,0.0,0.0,0.0,0.0,0.0,0.0,0.0,0.0,0.0,0.0,0.0,0.0,0.0,0.0,0.0,0.0,0.0,0.0,0.0,0.0,0.0,0
738,95.0,95.0,37.6,113.0,83.0,67.0,15.0,0.0,0.0,0.0,0.0,0.0,0.0,0.0,0.0,0.0,0.0,0.0,0.0,0.0,0.0,113.0,0.0,0.0,0.0,0.0,0.0,0.0,0.0,0.0,0.0,0.0,0.0,0.0,0
738,102.0,95.0,37.6,115.0,82.0,67.0,17.0,0.0,0.0,25.0,0.0,7.45,0.0,0.0,0.0,12.0,0.0,0.0,104.0,0.7,0.0,111.0,0.0,2.3,3.4,4.1,0.0,0.0,30.8,10.5,0.0,7.7,0.0,167.0,0
738,98.0,97.0,37.8,114.0,78.0,64.0,17.0,0.0,0.0,25.0,0.0,0.0,0.0,0.0,0.0,12.0,0.0,0.0,104.0,0.0,0.0,0.0,0.0,2.3,0.0,0.0,0.0,0.0,30.8,10.5,0.0,7.7,0.0,0.0,0
738,94.0,96.0,37.7,115.0,80.0,65.0,15.0,0.0,0.0,0.0,0.0,0.0,0.0,0.0,0.0,0.0,0.0,0.0,0.0,0.0,0.0,118.0,0.0,0.0,0.0,0.0,0.0,0.0,0.0,0.0,0.0,0.0,0.0,0.0,0
738,101.0,97.0,37.9,111.0,81.0,66.0,18.0,0.0,0.0,0.0,0.0,0.0,0.0,0.0,0.0,0.0,0.0,0.0,0.0,0.0,0.0,113.0,0.0,0.0,0.0,0.0,0.0,0.0,0.0,0.0,0.0,0.0,0.0,0.0,0
738,92.0,98.0,0.0,114.0,80.0,65.0,15.0,0.0,0.0,0.0,0.0,0.0,0.0,0.0,0.0,0.0,0.0,0.0,0.0,0.0,0.0,121.0,0.0,0.0,0.0,0.0,0.0,0.0,0.0,0.0,0.0,0.0,0.0,0.0,0
738,92.0,98.0,0.0,119.0,85.0,70.0,15.0,0.0,0.0,0.0,0.0,0.0,0.0,0.0,0.0,0.0,0.0,0.0,0.0,0.0,0.0,0.0,0.0,0.0,0.0,0.0,0.0,0.0,0.0,0.0,0.0,0.0,0.0,0.0,0
738,90.0,100.0,37.11,125.0,84.0,67.0,14.0,0.0,0.0,0.0,0.0,0.0,0.0,0.0,0.0,0.0,0.0,0.0,0.0,0.0,0.0,0.0,0.0,0.0,0.0,0.0,0.0,0.0,0.0,0.0,0.0,0.0,0.0,0.0,0
738,90.0,100.0,0.0,134.0,94.0,78.0,15.0,0.0,0.0,0.0,0.0,0.0,0.0,0.0,0.0,0.0,0.0,0.0,0.0,0.0,0.0,0.0,0.0,0.0,0.0,0.0,0.0,0.0,0.0,0.0,0.0,0.0,0.0,0.0,0
738,90.0,99.0,0.0,96.0,66.0,54.0,6.0,0.0,0.0,0.0,0.0,7.48,0.0,0.0,0.0,0.0,0.0,0.0,0.0,0.0,0.0,0.0,0.0,0.0,0.0,3.6,0.0,0.0,0.0,0.0,0.0,0.0,0.0,0.0,0
