7449,0.0,0.0,0.0,0.0,0.0,0.0,0.0,0.0,0.0,0.0,0.0,0.0,0.0,0.0,0.0,0.0,0.0,0.0,0.0,0.0,0.0,0.0,0.0,0.0,0.0,0.0,0.0,0.0,0.0,0.0,0.0,0.0,0.0,0.0,0
7449,94.0,93.0,0.0,153.5,91.0,73.0,12.0,0.0,-13.0,0.0,0.0,7.15,45.0,0.0,0.0,0.0,0.0,0.0,0.0,0.0,0.0,0.0,7.2,0.0,0.0,0.0,0.0,0.0,0.0,0.0,0.0,0.0,0.0,0.0,0
7449,0.0,98.0,0.0,0.0,0.0,0.0,14.0,0.0,-9.0,15.0,1.0,7.23,42.0,0.0,1438.0,40.0,102.0,8.5,108.0,3.0,0.0,179.0,6.7,1.7,8.4,5.9,0.4,0.0,31.1,10.5,113.5,25.3,0.0,176.0,0
7449,83.0,100.0,37.3,175.0,115.0,82.0,14.0,0.0,-7.0,0.0,1.0,7.26,46.0,64.0,0.0,0.0,0.0,0.0,0.0,0.0,0.0,0.0,0.0,0.0,0.0,0.0,0.0,0.0,0.0,0.0,0.0,0.0,0.0,0.0,0
7449,82.0,100.0,0.0,175.0,0.0,80.0,14.0,0.0,0.0,0.0,0.7,0.0,0.0,0.0,0.0,0.0,0.0,0.0,0.0,0.0,0.0,0.0,0.0,0.0,0.0,0.0,0.0,0.0,0.0,0.0,0.0,0.0,0.0,0.0,0
7449,80.0,100.0,0.0,177.0,0.0,68.0,20.0,0.0,0.0,0.0,0.7,0.0,0.0,0.0,0.0,0.0,0.0,0.0,0.0,0.0,0.0,0.0,0.0,0.0,0.0,0.0,0.0,0.0,0.0,0.0,150.0,0.0,0.0,0.0,0
7449,78.0,97.0,37.5,174.0,0.0,78.0,20.0,0.0,-7.0,0.0,0.6,7.3,37.0,0.0,0.0,0.0,0.0,0.0,0.0,0.0,0.0,0.0,0.0,0.0,0.0,0.0,0.0,0.0,0.0,0.0,0.0,0.0,0.0,0.0,0
7449,79.0,97.0,37.5,177.0,0.0,80.0,20.0,0.0,0.0,0.0,0.0,0.0,0.0,0.0,0.0,0.0,0.0,0.0,0.0,0.0,0.0,0.0,0.0,0.0,0.0,0.0,0.0,0.0,0.0,0.0,0.0,0.0,0.0,0.0,0
7449,80.0,99.0,0.0,170.0,110.0,76.0,20.5,0.0,0.0,0.0,0.5,0.0,0.0,0.0,0.0,0.0,0.0,0.0,0.0,0.0,0.0,0.0,0.0,0.0,0.0,0.0,0.0,0.0,0.0,0.0,0.0,0.0,0.0,0.0,0
7449,82.0,98.0,37.6,177.0,116.0,80.0,20.0,0.0,0.0,14.0,0.0,0.0,0.0,0.0,2019.0,40.0,95.0,7.6,108.0,3.2,0.0,106.0,0.0,1.5,6.4,5.2,0.6,28.3,0.0,0.0,0.0,0.0,0.0,0.0,0
7449,89.0,97.0,0.0,176.0,117.0,81.0,21.0,0.0,0.0,0.0,0.5,0.0,0.0,0.0,0.0,0.0,0.0,0.0,0.0,0.0,0.0,0.0,0.0,0.0,0.0,0.0,0.0,0.0,0.0,0.0,0.0,0.0,0.0,0.0,0
7449,96.0,96.0,0.0,187.0,121.0,83.0,24.5,0.0,0.0,0.0,0.5,0.0,0.0,0.0,0.0,0.0,0.0,0.0,0.0,0.0,0.0,0.0,0.0,0.0,0.0,0.0,0.0,0.0,0.0,0.0,0.0,0.0,0.0,0.0,0
7449,102.0,95.0,37.9,180.0,181.0,75.0,25.0,0.0,-11.0,0.0,0.5,7.2,40.0,0.0,0.0,0.0,0.0,0.0,0.0,0.0,0.0,91.0,9.4,0.0,0.0,0.0,0.0,0.0,0.0,0.0,46.3,0.0,0.0,0.0,0
7449,93.0,96.0,0.0,172.0,103.0,69.0,23.0,0.0,0.0,0.0,0.0,0.0,0.0,0.0,0.0,0.0,0.0,0.0,0.0,0.0,0.0,0.0,0.0,0.0,0.0,0.0,0.0,0.0,0.0,0.0,0.0,0.0,0.0,0.0,0
7449,0.0,0.0,0.0,0.0,0.0,0.0,0.0,0.0,0.0,0.0,0.0,0.0,0.0,0.0,0.0,0.0,0.0,0.0,0.0,0.0,0.0,0.0,0.0,0.0,0.0,0.0,0.0,0.0,0.0,0.0,0.0,0.0,0.0,0.0,0
7449,0.0,0.0,0.0,0.0,0.0,0.0,0.0,0.0,-10.0,15.0,0.5,7.25,36.0,0.0,0.0,44.0,0.0,7.7,108.0,3.6,0.0,52.0,8.3,2.0,6.6,4.2,0.0,0.0,23.2,8.1,0.0,15.6,0.0,108.0,0
7449,95.0,99.0,0.0,167.0,101.0,70.0,20.0,0.0,0.0,0.0,0.5,0.0,0.0,0.0,0.0,0.0,0.0,0.0,0.0,0.0,0.0,0.0,0.0,0.0,0.0,0.0,0.0,0.0,0.0,0.0,0.0,0.0,0.0,0.0,0
7449,96.0,97.0,0.0,170.0,102.0,71.0,20.0,0.0,0.0,0.0,0.0,0.0,0.0,72.0,0.0,0.0,0.0,0.0,0.0,0.0,0.0,0.0,0.0,0.0,0.0,0.0,0.0,0.0,0.0,0.0,0.0,0.0,0.0,0.0,0
7449,86.0,95.0,37.0,119.0,74.0,56.0,20.0,0.0,0.0,0.0,0.0,0.0,0.0,0.0,0.0,0.0,0.0,0.0,0.0,0.0,0.0,0.0,0.0,0.0,0.0,0.0,0.0,0.0,0.0,0.0,0.0,0.0,0.0,0.0,0
7449,82.0,96.0,0.0,128.0,78.0,57.0,21.5,0.0,-10.0,0.0,0.5,7.26,35.0,0.0,0.0,0.0,0.0,0.0,0.0,0.0,0.0,0.0,0.0,0.0,0.0,0.0,0.0,0.0,0.0,0.0,0.0,0.0,0.0,0.0,0
7449,80.0,93.0,36.67,114.0,69.0,50.0,20.0,0.0,0.0,0.0,0.0,0.0,0.0,0.0,0.0,0.0,0.0,0.0,0.0,0.0,0.0,0.0,0.0,0.0,0.0,0.0,0.0,0.0,0.0,0.0,0.0,0.0,0.0,0.0,0
7449,78.0,92.0,36.61,111.0,71.0,50.0,20.0,0.0,-12.0,0.0,0.0,7.2,38.0,0.0,0.0,0.0,0.0,0.0,0.0,0.0,0.0,0.0,0.0,0.0,0.0,0.0,0.0,0.0,0.0,0.0,0.0,0.0,0.0,0.0,0
7449,79.0,94.0,0.0,124.0,82.0,58.0,19.0,0.0,0.0,0.0,0.5,0.0,0.0,0.0,0.0,0.0,0.0,0.0,0.0,0.0,0.0,0.0,0.0,0.0,0.0,0.0,0.0,0.0,0.0,0.0,0.0,0.0,0.0,0.0,0
7449,82.0,95.0,36.33,105.0,70.0,51.0,43.0,0.0,-13.0,12.0,0.5,7.18,38.0,0.0,3868.0,48.0,110.0,8.4,105.0,3.8,0.0,67.0,0.0,1.8,7.0,4.6,0.7,0.0,28.3,10.1,44.4,13.9,0.0,112.0,0
7449,76.5,96.0,36.56,106.0,68.5,49.0,20.0,0.0,-12.0,0.0,0.5,7.22,36.0,74.0,0.0,0.0,0.0,0.0,0.0,0.0,0.0,0.0,0.0,0.0,0.0,0.0,0.0,0.0,23.0,7.5,0.0,0.0,0.0,0.0,0
7449,76.0,97.0,0.0,118.0,75.0,53.0,20.0,0.0,0.0,0.0,0.0,0.0,0.0,0.0,0.0,0.0,0.0,0.0,0.0,0.0,0.0,0.0,0.0,0.0,0.0,0.0,0.0,0.0,0.0,0.0,0.0,0.0,0.0,0.0,0
7449,80.0,97.0,0.0,140.0,92.0,63.0,20.0,0.0,0.0,0.0,0.0,0.0,0.0,0.0,0.0,0.0,0.0,0.0,0.0,0.0,0.0,0.0,0.0,0.0,0.0,0.0,0.0,0.0,0.0,0.0,0.0,0.0,0.0,0.0,0
7449,78.0,97.0,36.1,135.0,88.0,61.0,20.0,0.0,0.0,0.0,0.0,0.0,0.0,73.0,0.0,0.0,0.0,0.0,0.0,0.0,0.0,0.0,0.0,0.0,0.0,0.0,0.0,0.0,33.0,11.0,0.0,0.0,0.0,0.0,0
7449,76.0,97.0,0.0,134.0,87.0,60.0,20.0,0.0,0.0,0.0,0.5,0.0,0.0,0.0,0.0,0.0,0.0,0.0,0.0,0.0,0.0,0.0,0.0,0.0,0.0,0.0,0.0,0.0,0.0,0.0,0.0,0.0,0.0,0.0,0
7449,76.0,96.0,36.3,137.0,89.0,62.0,20.0,0.0,0.0,0.0,0.0,0.0,0.0,0.0,0.0,0.0,0.0,0.0,0.0,0.0,0.0,0.0,0.0,0.0,0.0,0.0,0.0,0.0,0.0,0.0,0.0,0.0,0.0,0.0,0
7449,74.0,96.0,0.0,137.0,90.0,64.0,20.0,0.0,0.0,0.0,0.0,0.0,0.0,0.0,0.0,0.0,0.0,0.0,0.0,0.0,0.0,0.0,0.0,0.0,0.0,0.0,0.0,0.0,0.0,0.0,0.0,0.0,0.0,0.0,0
7449,77.0,96.0,36.4,146.0,96.0,68.0,20.0,0.0,0.0,0.0,0.5,0.0,0.0,0.0,0.0,0.0,0.0,0.0,0.0,0.0,0.0,0.0,0.0,0.0,0.0,0.0,0.0,0.0,0.0,0.0,0.0,0.0,0.0,0.0,0
7449,77.0,95.0,0.0,144.0,95.0,67.0,20.0,0.0,-9.0,0.0,0.0,7.27,36.0,0.0,0.0,0.0,0.0,0.0,0.0,0.0,0.0,86.0,0.0,0.0,0.0,0.0,0.0,0.0,33.6,11.7,41.7,15.7,0.0,98.0,0
7449,78.0,94.0,36.9,133.0,86.0,62.0,20.0,0.0,0.0,0.0,0.0,0.0,0.0,0.0,0.0,0.0,0.0,0.0,0.0,0.0,0.0,0.0,0.0,0.0,0.0,0.0,0.0,0.0,0.0,0.0,0.0,0.0,0.0,0.0,0
7449,80.0,95.0,0.0,136.0,88.0,63.0,20.0,0.0,0.0,0.0,0.0,0.0,0.0,0.0,0.0,0.0,0.0,0.0,0.0,0.0,0.0,0.0,0.0,0.0,0.0,0.0,0.0,0.0,0.0,0.0,0.0,0.0,0.0,0.0,0
7449,77.0,95.0,37.3,109.0,72.0,54.0,21.5,0.0,0.0,0.0,0.5,0.0,0.0,0.0,0.0,0.0,0.0,0.0,0.0,0.0,0.0,0.0,0.0,0.0,0.0,0.0,0.0,0.0,0.0,0.0,0.0,0.0,0.0,0.0,0
7449,78.0,95.0,0.0,105.0,70.0,53.0,19.0,0.0,0.0,0.0,0.0,0.0,0.0,0.0,0.0,0.0,0.0,0.0,0.0,0.0,0.0,0.0,0.0,0.0,0.0,0.0,0.0,0.0,0.0,0.0,0.0,0.0,0.0,0.0,0
7449,81.0,94.0,0.0,105.0,71.0,54.0,20.0,0.0,0.0,0.0,0.0,0.0,0.0,0.0,0.0,0.0,0.0,0.0,0.0,0.0,0.0,0.0,0.0,0.0,0.0,0.0,0.0,0.0,0.0,0.0,0.0,0.0,0.0,0.0,0
7449,83.0,94.0,37.5,117.0,78.0,58.0,20.0,0.0,0.0,0.0,0.0,0.0,0.0,0.0,0.0,0.0,0.0,0.0,0.0,0.0,0.0,0.0,0.0,0.0,0.0,0.0,0.0,0.0,0.0,0.0,0.0,0.0,0.0,0.0,0
7449,81.0,91.0,0.0,106.0,68.0,49.0,14.0,0.0,0.0,0.0,0.0,0.0,0.0,0.0,0.0,0.0,0.0,0.0,0.0,0.0,0.0,0.0,0.0,0.0,0.0,0.0,0.0,0.0,0.0,0.0,0.0,0.0,0.0,0.0,0
7449,81.0,96.0,0.0,132.0,85.0,61.0,19.0,0.0,0.0,0.0,0.0,0.0,0.0,0.0,0.0,0.0,0.0,0.0,0.0,0.0,0.0,0.0,0.0,0.0,0.0,0.0,0.0,0.0,0.0,0.0,0.0,0.0,0.0,0.0,0
7449,82.0,95.0,37.67,129.0,85.0,62.0,16.0,0.0,0.0,0.0,0.0,0.0,0.0,0.0,0.0,0.0,0.0,0.0,0.0,0.0,0.0,0.0,0.0,0.0,0.0,0.0,0.0,0.0,0.0,0.0,0.0,0.0,0.0,0.0,0
7449,88.0,95.0,0.0,139.0,92.0,67.0,17.0,0.0,0.0,0.0,0.5,0.0,0.0,0.0,0.0,0.0,0.0,0.0,0.0,0.0,0.0,0.0,0.0,0.0,0.0,0.0,0.0,0.0,0.0,0.0,0.0,0.0,0.0,0.0,0
7449,83.0,95.0,0.0,113.0,74.0,55.0,20.0,0.0,0.0,0.0,0.0,0.0,0.0,0.0,0.0,0.0,0.0,0.0,0.0,0.0,0.0,0.0,0.0,0.0,0.0,0.0,0.0,0.0,0.0,0.0,0.0,0.0,0.0,0.0,0
7449,82.0,94.0,0.0,94.0,64.0,50.0,20.0,0.0,0.0,0.0,0.0,0.0,0.0,0.0,0.0,0.0,0.0,0.0,0.0,0.0,0.0,0.0,0.0,0.0,0.0,0.0,0.0,0.0,0.0,0.0,0.0,0.0,0.0,0.0,0
7449,81.0,96.0,37.06,116.0,77.0,57.0,19.0,0.0,0.0,0.0,0.0,0.0,0.0,0.0,0.0,0.0,0.0,0.0,0.0,0.0,0.0,0.0,0.0,0.0,0.0,0.0,0.0,0.0,0.0,0.0,0.0,0.0,0.0,0.0,0
7449,82.0,96.0,0.0,122.0,81.0,60.0,19.0,0.0,0.0,0.0,0.0,0.0,0.0,0.0,0.0,0.0,0.0,0.0,0.0,0.0,0.0,0.0,0.0,0.0,0.0,0.0,0.0,0.0,0.0,0.0,0.0,0.0,0.0,0.0,0
7449,91.0,95.0,0.0,121.0,87.0,67.0,24.5,0.0,0.0,14.0,0.5,0.0,0.0,0.0,2750.0,64.0,147.0,7.7,104.0,5.0,0.0,86.0,0.0,1.7,7.5,4.6,1.0,0.0,37.3,12.2,43.1,20.5,320.0,105.0,0
7449,88.0,94.0,0.0,81.0,63.0,51.0,10.0,0.0,-12.0,0.0,0.6,7.22,34.0,0.0,0.0,0.0,0.0,0.0,0.0,0.0,0.0,0.0,3.5,0.0,0.0,0.0,0.0,0.0,0.0,0.0,0.0,0.0,0.0,0.0,0
