751,0.0,0.0,0.0,0.0,0.0,0.0,0.0,0.0,0.0,0.0,0.0,0.0,0.0,0.0,0.0,0.0,0.0,0.0,0.0,0.0,0.0,0.0,0.0,0.0,0.0,0.0,0.0,0.0,0.0,0.0,0.0,0.0,0.0,0.0,0
751,68.0,99.0,0.0,106.75,71.0,66.5,22.5,0.0,0.0,0.0,0.0,0.0,0.0,0.0,0.0,0.0,0.0,0.0,0.0,0.0,0.0,0.0,0.0,0.0,0.0,0.0,0.0,0.0,0.0,0.0,0.0,0.0,0.0,0.0,0
751,54.0,100.0,31.33,86.0,64.0,50.0,24.0,0.0,-8.0,0.0,1.0,7.22,46.0,78.0,0.0,0.0,0.0,0.0,0.0,0.0,0.0,0.0,1.3,0.0,0.0,0.0,0.0,0.0,25.0,8.2,0.0,0.0,0.0,0.0,0
751,47.0,100.0,32.5,122.5,89.33,72.0,24.0,0.0,0.0,0.0,1.0,0.0,0.0,0.0,0.0,0.0,0.0,0.0,0.0,0.0,0.0,0.0,0.0,0.0,0.0,0.0,0.0,0.0,0.0,0.0,0.0,0.0,0.0,0.0,0
751,50.0,100.0,34.1,112.0,82.0,66.0,24.0,0.0,-9.0,0.0,1.0,7.33,27.0,0.0,0.0,0.0,0.0,0.0,0.0,0.0,0.0,0.0,1.0,0.0,0.0,0.0,0.0,0.0,0.0,0.0,0.0,0.0,0.0,0.0,0
751,60.0,100.0,34.9,110.0,59.33,68.0,26.0,0.0,0.0,18.0,1.0,0.0,0.0,0.0,53.0,14.0,28.0,6.0,125.0,0.6,0.0,106.0,0.0,1.8,2.0,4.8,0.6,0.0,0.0,0.0,0.0,0.0,0.0,0.0,0
751,60.0,100.0,36.25,146.0,104.0,82.0,27.0,0.0,0.0,0.0,0.0,0.0,0.0,0.0,0.0,0.0,0.0,0.0,0.0,0.0,0.0,0.0,0.0,0.0,0.0,0.0,0.0,0.0,29.9,10.3,34.6,15.5,0.0,124.0,0
751,60.0,100.0,37.2,120.0,74.0,60.0,23.0,0.0,-9.0,0.0,0.0,7.22,43.0,0.0,0.0,0.0,0.0,0.0,0.0,0.0,0.0,88.0,1.3,0.0,0.0,4.0,0.0,0.0,0.0,0.0,0.0,0.0,0.0,0.0,0
751,70.0,100.0,37.7,108.0,67.0,54.0,26.0,0.0,0.0,0.0,0.0,0.0,0.0,0.0,0.0,0.0,0.0,0.0,0.0,0.0,0.0,0.0,0.0,0.0,0.0,0.0,0.0,0.0,0.0,0.0,0.0,0.0,0.0,0.0,0
751,69.0,100.0,38.0,119.0,72.0,58.0,25.5,0.0,-9.0,0.0,0.7,7.29,33.0,0.0,0.0,0.0,0.0,0.0,0.0,0.0,0.0,0.0,0.0,0.0,0.0,0.0,0.0,0.0,0.0,0.0,0.0,0.0,0.0,0.0,0
751,73.0,100.0,38.3,106.0,67.0,56.0,26.0,0.0,0.0,0.0,0.0,0.0,0.0,0.0,0.0,0.0,0.0,0.0,0.0,0.0,0.0,0.0,0.0,0.0,0.0,0.0,0.0,0.0,0.0,0.0,0.0,0.0,0.0,0.0,0
751,74.0,100.0,38.2,105.5,62.0,54.0,40.0,0.0,-8.0,17.0,0.7,7.26,39.0,0.0,64.0,17.0,26.0,6.3,126.0,0.9,0.0,90.5,0.0,1.7,3.5,4.4,0.6,0.0,0.0,0.0,0.0,0.0,0.0,0.0,0
751,77.0,100.0,38.1,105.5,67.33,54.0,17.0,0.0,0.0,0.0,0.0,0.0,0.0,0.0,0.0,0.0,0.0,0.0,0.0,0.0,0.0,0.0,0.0,0.0,0.0,0.0,0.0,0.0,0.0,0.0,0.0,0.0,0.0,0.0,0
751,75.0,100.0,38.2,106.0,65.0,52.0,37.0,0.0,0.0,0.0,0.7,0.0,0.0,0.0,0.0,0.0,0.0,0.0,0.0,0.0,0.0,0.0,0.0,0.0,0.0,0.0,0.0,0.0,0.0,0.0,0.0,0.0,0.0,0.0,0
751,76.0,100.0,38.0,101.5,59.0,51.0,33.0,0.0,0.0,0.0,0.0,0.0,0.0,0.0,0.0,0.0,0.0,0.0,0.0,0.0,0.0,0.0,0.0,0.0,0.0,0.0,0.0,0.0,0.0,0.0,0.0,0.0,0.0,0.0,0
751,74.0,100.0,37.9,104.0,61.0,48.0,28.0,0.0,0.0,0.0,0.0,0.0,0.0,0.0,0.0,0.0,0.0,0.0,0.0,0.0,0.0,0.0,0.0,0.0,0.0,0.0,0.0,0.0,0.0,0.0,0.0,0.0,0.0,0.0,0
751,0.0,0.0,0.0,0.0,0.0,0.0,0.0,0.0,0.0,0.0,0.0,0.0,0.0,0.0,0.0,0.0,0.0,0.0,0.0,0.0,0.0,0.0,0.0,0.0,0.0,0.0,0.0,0.0,0.0,0.0,0.0,0.0,0.0,0.0,0
751,75.0,100.0,37.7,102.0,59.67,47.0,28.0,0.0,0.0,0.0,0.7,0.0,0.0,0.0,0.0,0.0,0.0,0.0,0.0,0.0,0.0,0.0,0.0,0.0,0.0,0.0,0.0,0.0,0.0,0.0,0.0,0.0,0.0,0.0,0
751,75.0,100.0,37.6,99.5,58.0,46.0,28.0,0.0,0.0,18.0,0.0,0.0,0.0,0.0,75.0,22.0,25.0,6.8,125.0,1.1,0.0,107.0,0.0,1.7,3.7,4.1,0.5,0.0,0.0,0.0,0.0,0.0,0.0,0.0,0
