7685,91.0,100.0,35.9,123.0,88.5,71.0,12.0,0.0,-2.0,0.0,1.0,7.26,55.0,0.0,0.0,0.0,0.0,0.0,0.0,0.0,0.0,128.0,0.0,0.0,0.0,4.2,0.0,0.0,34.9,11.6,0.0,25.5,0.0,0.0,0
7685,83.5,100.0,35.85,112.0,71.5,55.5,16.0,0.0,-4.0,23.0,0.6,7.22,58.0,98.0,0.0,12.0,0.0,0.0,112.0,1.0,0.0,96.0,0.0,0.0,0.0,3.8,0.0,0.0,37.0,13.3,61.5,36.2,0.0,75.0,0
7685,85.0,100.0,36.4,124.5,82.5,63.5,16.0,0.0,-1.0,0.0,0.0,7.29,53.0,97.0,0.0,0.0,0.0,0.0,0.0,0.0,0.0,0.0,0.0,0.0,0.0,0.0,0.0,0.0,0.0,0.0,0.0,0.0,0.0,0.0,0
7685,84.0,100.0,36.6,112.0,73.0,58.5,18.0,0.0,-2.0,0.0,0.6,7.31,47.0,97.0,0.0,0.0,0.0,0.0,0.0,0.0,0.0,0.0,0.0,2.0,0.0,0.0,0.0,0.0,33.8,0.0,0.0,0.0,0.0,121.0,0
7685,88.0,99.0,37.1,119.0,74.5,59.5,21.0,0.0,-2.0,0.0,0.0,7.34,44.0,96.0,0.0,0.0,0.0,0.0,0.0,0.0,0.0,142.0,0.0,0.0,0.0,5.1,0.0,0.0,0.0,0.0,0.0,0.0,0.0,0.0,0
7685,94.0,98.0,37.0,110.0,70.0,57.0,20.0,0.0,-1.0,0.0,0.85,7.37,41.0,97.0,0.0,0.0,0.0,0.0,0.0,0.0,0.0,149.0,0.0,0.0,0.0,0.0,0.0,0.0,0.0,0.0,0.0,0.0,0.0,0.0,0
7685,99.0,96.0,37.2,110.0,72.0,59.0,16.0,0.0,0.0,0.0,0.6,0.0,0.0,0.0,0.0,0.0,0.0,0.0,0.0,0.0,0.0,0.0,0.0,0.0,0.0,0.0,0.0,0.0,0.0,0.0,0.0,0.0,0.0,0.0,0
7685,96.0,96.0,37.0,109.0,69.0,60.0,18.0,0.0,0.0,0.0,0.5,0.0,0.0,0.0,0.0,0.0,0.0,0.0,0.0,0.0,0.0,0.0,0.0,0.0,0.0,0.0,0.0,0.0,0.0,0.0,0.0,0.0,0.0,0.0,0
7685,94.0,96.0,37.0,96.0,67.0,57.0,18.0,0.0,0.0,0.0,0.5,0.0,0.0,0.0,0.0,0.0,0.0,0.0,0.0,0.0,0.0,0.0,0.0,0.0,0.0,0.0,0.0,0.0,0.0,0.0,0.0,0.0,0.0,0.0,0
7685,89.0,97.0,36.6,96.0,63.0,52.0,18.0,0.0,0.0,0.0,0.5,7.39,43.0,98.0,0.0,0.0,0.0,0.0,0.0,0.0,0.0,128.0,0.0,0.0,0.0,4.8,0.0,0.0,0.0,0.0,0.0,0.0,0.0,0.0,0
7685,82.0,96.0,36.6,118.0,73.0,58.0,18.0,0.0,0.0,0.0,0.0,0.0,0.0,0.0,0.0,0.0,0.0,0.0,0.0,0.0,0.0,0.0,0.0,0.0,0.0,0.0,0.0,0.0,0.0,0.0,0.0,0.0,0.0,0.0,0
7685,79.0,98.0,36.6,106.0,68.0,54.0,18.0,0.0,0.0,0.0,0.0,0.0,0.0,0.0,0.0,0.0,0.0,0.0,0.0,0.0,0.0,0.0,0.0,0.0,0.0,0.0,0.0,0.0,0.0,0.0,0.0,0.0,0.0,0.0,0
7685,83.0,98.0,36.7,107.0,67.0,52.0,15.0,0.0,0.0,0.0,0.0,0.0,0.0,0.0,0.0,0.0,0.0,0.0,0.0,0.0,0.0,0.0,0.0,0.0,0.0,0.0,0.0,0.0,0.0,0.0,0.0,0.0,0.0,0.0,0
7685,85.0,97.0,36.8,113.0,71.0,54.0,12.0,0.0,0.0,0.0,0.0,0.0,0.0,0.0,0.0,0.0,0.0,0.0,0.0,0.0,0.0,0.0,0.0,0.0,0.0,0.0,0.0,0.0,0.0,0.0,0.0,0.0,0.0,0.0,0
7685,82.0,97.0,36.7,112.0,71.0,54.0,15.0,0.0,0.0,24.0,0.0,0.0,0.0,0.0,0.0,18.0,0.0,0.0,109.0,1.3,0.0,144.0,0.0,0.0,0.0,5.2,0.0,0.0,28.7,10.5,31.5,17.9,0.0,89.0,0
7685,82.0,96.0,36.7,112.5,71.0,56.0,16.5,0.0,0.0,0.0,0.0,0.0,0.0,0.0,0.0,0.0,0.0,0.0,0.0,0.0,0.0,0.0,0.0,0.0,0.0,0.0,0.0,0.0,0.0,0.0,0.0,0.0,0.0,0.0,0
7685,81.0,94.0,36.7,117.0,75.0,57.0,18.0,0.0,0.0,0.0,0.0,0.0,0.0,0.0,0.0,0.0,0.0,0.0,0.0,0.0,0.0,0.0,0.0,0.0,0.0,0.0,0.0,0.0,0.0,0.0,0.0,0.0,0.0,0.0,0
7685,85.0,95.0,36.7,112.0,73.0,54.0,17.0,0.0,0.0,0.0,0.0,0.0,0.0,0.0,0.0,0.0,0.0,0.0,0.0,0.0,0.0,0.0,0.0,0.0,0.0,0.0,0.0,0.0,0.0,0.0,0.0,0.0,0.0,0.0,0
7685,82.0,0.0,0.0,109.0,68.33,0.0,0.0,0.0,0.0,0.0,0.0,0.0,0.0,0.0,0.0,0.0,0.0,0.0,0.0,0.0,0.0,0.0,0.0,0.0,0.0,0.0,0.0,0.0,0.0,0.0,0.0,0.0,0.0,0.0,0
