8146,88.0,100.0,35.35,121.0,80.0,61.0,14.0,0.0,0.0,22.0,0.0,7.45,0.0,69.0,0.0,15.0,0.0,0.0,111.0,0.0,0.0,0.0,0.0,0.0,0.0,4.3,0.0,0.0,37.6,11.9,0.0,11.0,0.0,0.0,0
8146,88.0,99.5,36.1,118.0,77.0,59.0,15.0,0.0,0.0,0.0,0.4,0.0,0.0,0.0,0.0,0.0,0.0,0.0,0.0,0.0,0.0,0.0,0.0,0.0,0.0,0.0,0.0,0.0,0.0,0.0,0.0,0.0,0.0,0.0,0
8146,89.0,100.0,36.7,129.0,82.0,62.0,14.0,0.0,0.0,0.0,0.0,7.39,0.0,60.0,0.0,0.0,0.0,0.0,0.0,0.0,0.0,0.0,0.0,0.0,0.0,0.0,0.0,0.0,0.0,0.0,0.0,0.0,0.0,0.0,0
8146,80.0,97.0,36.9,128.0,78.0,61.0,14.0,0.0,0.0,0.0,0.0,7.43,34.0,95.0,0.0,0.0,0.0,0.0,0.0,0.0,0.0,120.0,0.0,0.0,0.0,0.0,0.0,0.0,38.7,0.0,0.0,0.0,0.0,0.0,0
8146,80.0,97.0,37.1,131.0,83.0,65.0,14.0,0.0,0.0,0.0,0.4,7.41,0.0,71.5,0.0,0.0,0.0,0.0,0.0,0.0,0.0,0.0,0.0,0.0,0.0,0.0,0.0,0.0,38.7,0.0,0.0,0.0,0.0,0.0,0
8146,62.0,97.0,37.1,115.0,72.0,57.0,14.0,0.0,0.0,0.0,0.0,7.4,37.0,95.0,0.0,0.0,0.0,0.0,0.0,0.0,0.0,0.0,0.0,0.0,0.0,0.0,0.0,0.0,0.0,0.0,0.0,0.0,0.0,0.0,0
8146,84.0,98.0,37.1,137.0,86.0,66.0,15.0,0.0,-0.5,0.0,0.0,7.39,38.0,78.5,0.0,0.0,0.0,0.0,0.0,0.0,0.0,136.0,0.0,0.0,0.0,0.0,0.0,0.0,37.7,0.0,0.0,0.0,0.0,0.0,0
8146,83.0,98.0,36.9,134.0,82.0,62.0,21.0,0.0,-1.0,0.0,0.0,7.39,0.0,0.0,0.0,0.0,0.0,0.0,0.0,0.0,0.0,0.0,0.0,0.0,0.0,0.0,0.0,0.0,37.7,0.0,0.0,0.0,0.0,0.0,0
8146,82.0,94.0,37.0,129.0,65.0,44.0,25.0,0.0,0.0,0.0,0.0,0.0,0.0,0.0,0.0,0.0,0.0,0.0,0.0,0.0,0.0,0.0,0.0,0.0,0.0,0.0,0.0,0.0,0.0,0.0,0.0,0.0,0.0,0.0,0
8146,82.0,94.0,37.0,142.0,72.0,48.0,22.0,0.0,0.0,0.0,0.4,0.0,0.0,0.0,0.0,0.0,0.0,0.0,0.0,0.0,0.0,0.0,0.0,0.0,0.0,0.0,0.0,0.0,0.0,0.0,0.0,0.0,0.0,0.0,0
8146,106.0,96.0,36.7,156.0,85.0,56.0,18.0,0.0,0.0,0.0,0.0,0.0,0.0,0.0,0.0,0.0,0.0,0.0,0.0,0.0,0.0,0.0,0.0,0.0,0.0,0.0,0.0,0.0,0.0,0.0,0.0,0.0,0.0,0.0,0
8146,90.0,94.0,36.9,131.0,67.0,42.0,23.0,0.0,0.0,0.0,0.0,0.0,0.0,0.0,0.0,0.0,0.0,0.0,0.0,0.0,0.0,0.0,0.0,0.0,0.0,0.0,0.0,0.0,0.0,0.0,0.0,0.0,0.0,0.0,0
8146,82.0,95.0,37.1,132.0,70.0,47.0,17.0,0.0,0.0,0.0,0.0,0.0,0.0,0.0,0.0,0.0,0.0,0.0,0.0,0.0,0.0,0.0,0.0,0.0,0.0,0.0,0.0,0.0,0.0,0.0,0.0,0.0,0.0,0.0,0
8146,82.0,96.0,37.2,133.0,77.0,55.0,16.0,0.0,0.0,24.0,0.0,0.0,0.0,0.0,0.0,12.0,0.0,0.0,105.0,0.5,0.0,130.0,0.0,0.0,0.0,3.8,0.0,0.0,39.4,12.5,0.0,15.8,0.0,120.0,0
8146,74.0,95.0,37.2,128.0,69.0,48.0,18.0,0.0,0.0,24.0,0.0,0.0,0.0,81.0,0.0,12.0,0.0,0.0,105.0,0.0,0.0,0.0,0.0,0.0,0.0,3.8,0.0,0.0,39.6,12.5,0.0,15.8,0.0,0.0,0
8146,75.0,94.0,37.1,121.0,69.0,48.0,22.0,0.0,0.0,0.0,0.0,0.0,0.0,0.0,0.0,0.0,0.0,0.0,0.0,0.0,0.0,0.0,0.0,0.0,0.0,0.0,0.0,0.0,39.8,12.5,0.0,0.0,0.0,0.0,0
8146,78.0,94.0,37.0,127.0,69.0,46.0,23.0,0.0,0.0,0.0,0.0,0.0,0.0,72.0,0.0,0.0,0.0,0.0,0.0,0.0,0.0,0.0,0.0,0.0,0.0,0.0,0.0,0.0,0.0,0.0,0.0,0.0,0.0,0.0,0
8146,87.0,95.0,37.2,139.0,73.0,47.0,21.0,0.0,0.0,0.0,0.0,0.0,0.0,0.0,0.0,0.0,0.0,0.0,0.0,0.0,0.0,0.0,0.0,0.0,0.0,0.0,0.0,0.0,0.0,0.0,0.0,0.0,0.0,0.0,0
8146,79.0,95.0,37.2,130.0,67.0,42.0,23.0,0.0,0.0,0.0,0.0,0.0,0.0,0.0,0.0,0.0,0.0,0.0,0.0,0.0,0.0,0.0,0.0,0.0,0.0,0.0,0.0,0.0,0.0,0.0,0.0,0.0,0.0,0.0,0
8146,90.0,95.0,37.1,124.0,68.0,44.0,22.0,0.0,0.0,0.0,0.0,0.0,0.0,0.0,0.0,0.0,0.0,0.0,0.0,0.0,0.0,0.0,0.0,0.0,0.0,0.0,0.0,0.0,0.0,0.0,0.0,0.0,0.0,0.0,0
8146,87.0,94.0,37.1,108.0,59.0,39.0,23.0,0.0,0.0,0.0,0.0,0.0,0.0,0.0,0.0,0.0,0.0,0.0,0.0,0.0,0.0,0.0,0.0,0.0,0.0,0.0,0.0,0.0,0.0,0.0,0.0,0.0,0.0,0.0,0
8146,91.0,95.0,37.0,125.0,67.0,45.0,22.0,0.0,0.0,0.0,0.0,0.0,0.0,0.0,0.0,0.0,0.0,0.0,0.0,0.0,0.0,0.0,0.0,0.0,0.0,0.0,0.0,0.0,0.0,0.0,0.0,0.0,0.0,0.0,0
8146,83.0,96.0,0.0,0.0,63.0,0.0,22.0,0.0,0.0,0.0,0.0,0.0,0.0,0.0,0.0,0.0,0.0,0.0,0.0,0.0,0.0,0.0,0.0,0.0,0.0,0.0,0.0,0.0,0.0,0.0,0.0,0.0,0.0,0.0,0
8146,92.0,94.0,0.0,0.0,0.0,0.0,20.0,0.0,0.0,0.0,0.0,0.0,0.0,0.0,0.0,0.0,0.0,0.0,0.0,0.0,0.0,0.0,0.0,0.0,0.0,0.0,0.0,0.0,0.0,0.0,0.0,0.0,0.0,0.0,0
8146,88.0,96.0,0.0,0.0,68.0,0.0,23.0,0.0,0.0,0.0,0.0,0.0,0.0,0.0,0.0,0.0,0.0,0.0,0.0,0.0,0.0,0.0,0.0,0.0,0.0,0.0,0.0,0.0,0.0,0.0,0.0,0.0,0.0,0.0,0
8146,97.0,95.0,0.0,0.0,65.0,0.0,18.0,0.0,0.0,0.0,0.0,0.0,0.0,0.0,0.0,0.0,0.0,0.0,0.0,0.0,0.0,0.0,0.0,0.0,0.0,0.0,0.0,0.0,0.0,0.0,0.0,0.0,0.0,0.0,0
