9383,0.0,0.0,0.0,0.0,0.0,0.0,0.0,0.0,0.0,0.0,0.0,0.0,0.0,0.0,0.0,0.0,0.0,0.0,0.0,0.0,0.0,0.0,0.0,0.0,0.0,0.0,0.0,0.0,0.0,0.0,0.0,0.0,0.0,0.0,0
9383,74.0,95.0,0.0,162.5,96.0,59.0,18.0,0.0,0.0,0.0,0.7,7.32,51.0,0.0,0.0,0.0,0.0,0.0,0.0,0.0,0.0,0.0,0.9,2.1,0.0,3.8,0.0,0.0,0.0,0.0,0.0,0.0,0.0,0.0,0
9383,73.0,94.0,0.0,151.0,89.0,56.0,0.0,0.0,0.0,0.0,0.0,0.0,0.0,0.0,0.0,0.0,0.0,0.0,0.0,0.0,0.0,0.0,0.0,0.0,0.0,0.0,0.0,0.0,0.0,0.0,0.0,0.0,0.0,0.0,0
9383,74.0,95.0,0.0,156.0,92.0,57.0,18.0,0.0,0.0,0.0,0.7,7.32,50.0,0.0,0.0,0.0,0.0,0.0,0.0,0.0,0.0,0.0,1.0,0.0,0.0,0.0,0.0,0.0,0.0,0.0,0.0,0.0,0.0,0.0,0
9383,79.5,92.0,0.0,176.5,106.5,66.0,18.5,0.0,0.0,26.0,0.0,0.0,0.0,0.0,0.0,22.0,0.0,8.3,102.0,1.1,0.0,109.0,0.0,2.0,3.5,4.4,0.0,0.0,32.7,10.5,45.3,12.2,0.0,343.0,0
9383,77.0,93.0,37.17,156.0,92.0,58.0,14.0,0.0,0.0,0.0,0.0,7.31,53.0,0.0,0.0,0.0,0.0,0.0,0.0,0.0,0.0,0.0,0.0,0.0,0.0,0.0,0.0,0.0,0.0,0.0,0.0,0.0,0.0,0.0,0
9383,71.0,95.0,0.0,158.0,95.0,59.0,12.0,0.0,0.0,0.0,0.0,0.0,0.0,0.0,0.0,0.0,0.0,0.0,0.0,0.0,0.0,0.0,0.0,0.0,0.0,0.0,0.0,0.0,0.0,0.0,0.0,0.0,0.0,0.0,0
9383,71.0,94.0,0.0,147.0,94.0,63.0,19.0,0.0,0.0,0.0,0.0,0.0,0.0,0.0,0.0,0.0,0.0,0.0,0.0,0.0,0.0,0.0,0.0,0.0,0.0,0.0,0.0,0.0,0.0,0.0,0.0,0.0,0.0,0.0,0
9383,71.0,95.0,0.0,145.0,85.0,52.0,19.0,0.0,0.0,0.0,0.7,0.0,0.0,0.0,0.0,0.0,0.0,0.0,0.0,0.0,0.0,0.0,0.0,0.0,0.0,0.0,0.0,0.0,0.0,0.0,0.0,0.0,0.0,0.0,0
9383,70.0,95.0,0.0,138.0,81.0,48.0,16.0,0.0,0.0,0.0,0.7,0.0,0.0,0.0,0.0,0.0,0.0,0.0,0.0,0.0,0.0,0.0,0.0,0.0,0.0,0.0,0.0,0.0,0.0,0.0,0.0,0.0,0.0,0.0,0
9383,72.0,96.0,0.0,145.0,87.0,55.0,17.0,0.0,0.0,0.0,0.0,0.0,0.0,0.0,0.0,0.0,0.0,0.0,0.0,0.0,0.0,0.0,0.0,2.0,0.0,4.1,0.0,0.0,0.0,0.0,0.0,0.0,0.0,0.0,0
9383,78.0,93.0,36.78,150.0,92.0,57.0,19.0,0.0,0.0,0.0,0.0,0.0,0.0,0.0,0.0,0.0,0.0,0.0,0.0,0.0,0.0,0.0,0.0,0.0,0.0,0.0,0.0,0.0,0.0,0.0,0.0,0.0,0.0,0.0,0
9383,75.0,94.0,0.0,147.0,90.0,58.0,11.0,0.0,0.0,0.0,0.0,0.0,0.0,0.0,0.0,0.0,0.0,0.0,0.0,0.0,0.0,0.0,0.0,0.0,0.0,0.0,0.0,0.0,0.0,0.0,0.0,0.0,0.0,0.0,0
9383,69.0,89.0,0.0,147.0,94.0,58.0,16.0,0.0,0.0,0.0,1.0,0.0,0.0,0.0,0.0,0.0,0.0,0.0,0.0,0.0,0.0,0.0,0.0,0.0,0.0,0.0,0.0,0.0,0.0,0.0,0.0,0.0,0.0,0.0,0
9383,73.0,89.0,0.0,145.0,88.0,57.0,15.0,0.0,0.0,0.0,0.0,0.0,0.0,0.0,0.0,0.0,0.0,0.0,0.0,0.0,0.0,0.0,0.0,0.0,0.0,0.0,0.0,0.0,0.0,0.0,0.0,0.0,0.0,0.0,0
9383,77.0,88.0,36.22,162.0,96.0,61.0,16.0,0.0,1.0,0.0,1.0,7.32,58.0,0.0,0.0,0.0,0.0,0.0,0.0,0.0,0.0,0.0,0.0,0.0,0.0,3.8,0.0,0.0,0.0,0.0,0.0,0.0,0.0,0.0,0
9383,83.5,85.0,0.0,178.0,106.0,67.0,16.0,0.0,0.5,0.0,0.0,7.35,51.5,0.0,0.0,0.0,0.0,0.0,0.0,0.0,0.0,0.0,1.4,0.0,0.0,3.7,0.0,0.0,0.0,0.0,0.0,0.0,0.0,0.0,0
9383,67.0,94.0,0.0,149.0,88.0,57.0,17.0,0.0,0.0,0.0,1.0,0.0,0.0,0.0,0.0,0.0,0.0,0.0,0.0,0.0,0.0,0.0,0.0,1.9,0.0,3.7,0.0,0.0,0.0,0.0,0.0,0.0,0.0,0.0,0
9383,73.0,95.5,0.0,123.0,92.0,76.0,16.0,0.0,0.0,0.0,0.0,0.0,0.0,0.0,0.0,0.0,0.0,0.0,0.0,0.0,0.0,0.0,0.0,0.0,0.0,0.0,0.0,0.0,0.0,0.0,0.0,0.0,0.0,0.0,0
9383,75.0,97.0,37.11,132.0,72.0,46.0,15.5,0.0,0.0,0.0,1.0,0.0,0.0,0.0,0.0,0.0,0.0,0.0,0.0,0.0,0.0,0.0,0.0,0.0,0.0,0.0,0.0,0.0,0.0,0.0,0.0,0.0,0.0,0.0,0
9383,73.0,95.0,0.0,104.0,62.0,46.0,14.0,0.0,0.0,0.0,0.0,0.0,0.0,0.0,0.0,0.0,0.0,0.0,0.0,0.0,0.0,0.0,0.0,0.0,0.0,0.0,0.0,0.0,0.0,0.0,0.0,0.0,0.0,0.0,0
9383,71.0,96.0,0.0,116.0,67.0,46.0,25.0,0.0,1.5,0.0,0.0,7.38,48.5,0.0,0.0,0.0,0.0,0.0,0.0,0.0,0.0,0.0,1.45,1.8,0.0,3.6,0.0,0.0,0.0,0.0,0.0,0.0,0.0,0.0,0
9383,69.0,93.0,0.0,102.0,61.0,43.0,32.0,0.0,2.0,0.0,0.6,7.39,47.0,0.0,0.0,0.0,0.0,0.0,0.0,0.0,0.0,0.0,1.5,0.0,0.0,0.0,0.0,0.0,0.0,0.0,0.0,0.0,0.0,0.0,0
9383,77.0,98.0,36.83,125.0,75.0,51.0,36.0,0.0,3.0,0.0,0.8,7.41,46.0,0.0,0.0,0.0,0.0,0.0,0.0,0.0,0.0,0.0,1.5,0.0,0.0,0.0,0.0,0.0,0.0,0.0,0.0,0.0,0.0,0.0,0
9383,73.0,98.0,0.0,108.0,65.0,46.0,27.0,0.0,0.0,0.0,0.8,0.0,0.0,0.0,0.0,0.0,0.0,0.0,0.0,0.0,0.0,0.0,0.0,0.0,0.0,0.0,0.0,0.0,0.0,0.0,0.0,0.0,0.0,0.0,0
9383,75.0,98.0,0.0,115.0,69.0,47.0,12.0,0.0,0.0,0.0,0.0,0.0,0.0,0.0,0.0,0.0,0.0,0.0,0.0,0.0,0.0,0.0,0.0,0.0,0.0,0.0,0.0,0.0,0.0,0.0,0.0,0.0,0.0,0.0,0
9383,77.0,99.0,0.0,117.0,0.0,46.0,17.0,0.0,0.0,0.0,0.0,0.0,0.0,0.0,0.0,0.0,0.0,0.0,0.0,0.0,0.0,0.0,0.0,0.0,0.0,0.0,0.0,0.0,0.0,0.0,0.0,0.0,0.0,0.0,0
9383,78.0,98.0,36.94,131.0,79.0,53.0,14.0,0.0,2.0,28.0,0.8,7.42,43.0,0.0,0.0,32.0,0.0,8.2,100.0,1.4,0.0,112.0,1.2,1.9,2.6,3.5,0.0,0.0,29.4,9.4,40.3,9.3,0.0,319.0,0
9383,72.0,98.0,0.0,112.0,70.0,49.0,12.5,0.0,0.0,0.0,0.8,0.0,0.0,0.0,0.0,0.0,0.0,0.0,0.0,0.0,0.0,0.0,0.0,0.0,0.0,0.0,0.0,0.0,0.0,0.0,0.0,0.0,0.0,0.0,0
9383,78.0,99.0,0.0,130.0,78.0,53.0,12.0,0.0,0.0,0.0,0.0,0.0,0.0,0.0,0.0,0.0,0.0,0.0,0.0,0.0,0.0,0.0,0.0,0.0,0.0,0.0,0.0,0.0,0.0,0.0,0.0,0.0,0.0,0.0,0
9383,71.0,99.0,0.0,133.0,81.0,53.0,12.0,0.0,0.0,0.0,0.0,0.0,0.0,0.0,0.0,0.0,0.0,0.0,0.0,0.0,0.0,0.0,0.0,0.0,0.0,0.0,0.0,0.0,0.0,0.0,0.0,0.0,0.0,0.0,0
9383,69.0,93.0,37.72,119.0,72.0,49.0,11.0,0.0,0.0,0.0,0.8,0.0,0.0,0.0,0.0,0.0,0.0,0.0,0.0,0.0,0.0,0.0,0.0,0.0,0.0,0.0,0.0,0.0,0.0,0.0,0.0,0.0,0.0,0.0,0
9383,73.0,99.0,0.0,134.0,80.0,52.0,9.5,0.0,0.0,0.0,0.7,0.0,0.0,0.0,0.0,0.0,0.0,0.0,0.0,0.0,0.0,0.0,0.0,0.0,0.0,0.0,0.0,0.0,0.0,0.0,0.0,0.0,0.0,0.0,0
9383,85.0,0.0,0.0,169.0,106.0,70.0,26.0,0.0,0.0,0.0,0.0,0.0,0.0,0.0,0.0,0.0,0.0,0.0,0.0,0.0,0.0,0.0,0.0,0.0,0.0,0.0,0.0,0.0,0.0,0.0,0.0,0.0,0.0,0.0,0
9383,68.0,96.0,0.0,104.0,82.0,62.0,14.0,0.0,0.0,0.0,0.0,0.0,0.0,0.0,0.0,0.0,0.0,0.0,0.0,0.0,0.0,0.0,0.0,0.0,0.0,0.0,0.0,0.0,0.0,0.0,0.0,0.0,0.0,0.0,0
9383,77.0,99.0,37.06,152.0,92.0,60.0,17.5,0.0,3.0,0.0,0.6,7.4,47.0,0.0,0.0,0.0,0.0,0.0,0.0,0.0,0.0,0.0,1.1,0.0,0.0,0.0,0.0,0.0,0.0,0.0,0.0,0.0,0.0,0.0,0
9383,66.0,98.0,0.0,130.0,78.0,51.0,15.0,0.0,0.0,0.0,0.0,0.0,0.0,0.0,0.0,0.0,0.0,0.0,0.0,0.0,0.0,0.0,0.0,0.0,0.0,0.0,0.0,0.0,0.0,0.0,0.0,0.0,0.0,0.0,0
9383,66.0,97.0,0.0,141.0,83.0,53.0,15.0,0.0,0.0,0.0,0.0,0.0,0.0,0.0,0.0,0.0,0.0,0.0,0.0,0.0,0.0,0.0,0.0,0.0,0.0,0.0,0.0,0.0,0.0,0.0,0.0,0.0,0.0,0.0,0
9383,71.0,97.0,0.0,157.0,93.0,56.0,18.0,0.0,0.0,0.0,0.0,0.0,0.0,0.0,0.0,0.0,0.0,0.0,0.0,0.0,0.0,0.0,0.0,0.0,0.0,0.0,0.0,0.0,0.0,0.0,0.0,0.0,0.0,0.0,0
9383,76.0,95.5,37.5,175.0,105.0,63.0,16.5,0.0,0.0,0.0,0.55,0.0,0.0,0.0,0.0,0.0,0.0,0.0,0.0,0.0,0.0,0.0,0.0,0.0,0.0,0.0,0.0,0.0,0.0,0.0,0.0,0.0,0.0,0.0,0
9383,74.0,94.0,0.0,137.0,82.0,49.0,16.0,0.0,4.0,0.0,0.0,7.43,46.0,0.0,0.0,0.0,0.0,0.0,0.0,0.0,0.0,0.0,1.2,2.5,0.0,3.4,0.0,0.0,0.0,0.0,0.0,0.0,0.0,0.0,0
9383,117.0,95.0,0.0,136.0,88.0,60.0,26.0,0.0,0.0,0.0,0.0,0.0,0.0,0.0,0.0,0.0,0.0,0.0,0.0,0.0,0.0,0.0,0.0,0.0,0.0,0.0,0.0,0.0,0.0,0.0,0.0,0.0,0.0,0.0,0
9383,107.0,94.0,0.0,132.0,82.0,56.0,22.0,0.0,0.0,0.0,0.0,0.0,0.0,0.0,0.0,0.0,0.0,0.0,0.0,0.0,0.0,0.0,0.0,0.0,0.0,0.0,0.0,0.0,0.0,0.0,0.0,0.0,0.0,0.0,0
9383,90.0,96.0,37.33,106.0,0.0,46.0,14.5,0.0,5.0,0.0,0.6,7.48,40.0,0.0,0.0,0.0,0.0,0.0,0.0,0.0,0.0,0.0,0.0,0.0,0.0,0.0,0.0,0.0,0.0,0.0,0.0,0.0,0.0,0.0,0
9383,98.0,97.0,0.0,116.0,77.0,58.0,15.0,0.0,0.0,0.0,0.0,0.0,0.0,0.0,0.0,0.0,0.0,0.0,0.0,0.0,0.0,0.0,0.0,0.0,0.0,0.0,0.0,0.0,0.0,0.0,0.0,0.0,0.0,0.0,0
9383,77.0,94.0,0.0,115.0,74.0,53.0,16.0,0.0,0.0,0.0,0.0,0.0,0.0,0.0,0.0,0.0,0.0,0.0,0.0,0.0,0.0,0.0,0.0,2.4,0.0,3.9,0.0,0.0,0.0,0.0,0.0,0.0,0.0,0.0,0
9383,84.0,96.0,0.0,119.0,78.0,56.0,14.0,0.0,0.0,0.0,0.0,0.0,0.0,0.0,0.0,0.0,0.0,0.0,0.0,0.0,0.0,0.0,0.0,0.0,0.0,0.0,0.0,0.0,0.0,0.0,0.0,0.0,0.0,0.0,0
9383,89.0,94.0,37.17,126.0,79.0,55.0,15.0,0.0,0.0,0.0,0.0,0.0,0.0,0.0,0.0,0.0,0.0,0.0,0.0,0.0,0.0,0.0,0.0,0.0,0.0,0.0,0.0,0.0,0.0,0.0,0.0,0.0,0.0,0.0,0
9383,88.0,96.0,0.0,112.0,73.0,52.0,17.5,0.0,0.0,0.0,0.6,0.0,0.0,0.0,0.0,0.0,0.0,0.0,0.0,0.0,0.0,0.0,0.0,0.0,0.0,0.0,0.0,0.0,0.0,0.0,0.0,0.0,0.0,0.0,0
9383,86.0,96.0,0.0,117.0,78.0,58.0,16.0,0.0,0.0,0.0,0.0,0.0,0.0,0.0,0.0,0.0,0.0,0.0,0.0,0.0,0.0,0.0,0.0,0.0,0.0,0.0,0.0,0.0,0.0,0.0,0.0,0.0,0.0,0.0,0
9383,96.0,97.0,0.0,125.0,81.0,59.0,15.0,0.0,0.0,0.0,0.0,0.0,0.0,0.0,0.0,0.0,0.0,0.0,0.0,0.0,0.0,0.0,0.0,0.0,0.0,0.0,0.0,0.0,0.0,0.0,0.0,0.0,0.0,0.0,0
9383,95.0,97.0,37.06,104.0,70.0,52.0,15.0,0.0,0.0,0.0,0.0,0.0,0.0,0.0,0.0,0.0,0.0,0.0,0.0,0.0,0.0,0.0,0.0,0.0,0.0,0.0,0.0,0.0,0.0,0.0,0.0,0.0,0.0,0.0,0
9383,66.0,97.0,0.0,109.0,75.0,56.0,15.0,0.0,0.0,0.0,0.6,0.0,0.0,0.0,0.0,0.0,0.0,0.0,0.0,0.0,0.0,0.0,0.0,0.0,0.0,0.0,0.0,0.0,0.0,0.0,0.0,0.0,0.0,0.0,0
9383,65.0,97.0,0.0,117.0,72.0,47.0,14.0,0.0,5.0,27.0,0.6,7.42,46.0,0.0,0.0,31.0,0.0,9.0,103.0,1.0,0.0,93.0,0.0,2.4,3.0,4.0,0.0,0.0,29.3,9.2,36.6,11.1,0.0,372.0,0
9383,62.0,97.0,0.0,124.0,77.0,50.0,15.0,0.0,0.0,0.0,0.0,0.0,0.0,0.0,0.0,0.0,0.0,0.0,0.0,0.0,0.0,0.0,0.0,0.0,0.0,0.0,0.0,0.0,0.0,0.0,0.0,0.0,0.0,0.0,0
9383,66.0,97.0,37.67,128.0,78.0,50.0,13.0,0.0,0.0,0.0,0.0,0.0,0.0,0.0,0.0,0.0,0.0,0.0,0.0,0.0,0.0,0.0,0.0,0.0,0.0,0.0,0.0,0.0,0.0,0.0,0.0,0.0,0.0,0.0,0
