9447,144.0,100.0,36.56,113.0,77.33,0.0,29.0,0.0,0.0,0.0,0.0,0.0,0.0,0.0,0.0,0.0,0.0,0.0,0.0,0.0,0.0,0.0,0.0,0.0,0.0,0.0,0.0,0.0,0.0,0.0,0.0,0.0,0.0,0.0,0
9447,143.0,100.0,0.0,113.0,79.0,0.0,0.0,0.0,-25.0,0.0,0.0,7.06,12.0,0.0,0.0,17.0,0.0,7.6,123.0,0.9,0.0,236.0,0.0,1.8,2.4,4.9,0.0,0.0,34.5,11.0,0.0,39.8,0.0,281.0,0
9447,133.0,100.0,37.33,102.0,76.0,0.0,28.0,0.0,0.0,0.0,0.0,0.0,0.0,0.0,0.0,0.0,0.0,0.0,0.0,0.0,0.0,0.0,0.0,0.0,0.0,0.0,0.0,0.0,0.0,0.0,0.0,0.0,0.0,0.0,0
9447,129.0,100.0,0.0,99.0,67.67,0.0,28.0,0.0,0.0,0.0,0.0,0.0,0.0,0.0,0.0,0.0,0.0,0.0,0.0,0.0,0.0,0.0,0.0,0.0,0.0,0.0,0.0,0.0,0.0,0.0,0.0,0.0,0.0,0.0,0
9447,134.0,98.0,0.0,94.0,62.67,0.0,37.0,0.0,0.0,6.0,0.0,0.0,0.0,0.0,0.0,13.0,0.0,7.5,124.0,0.9,0.0,214.0,0.0,1.7,1.7,4.7,0.0,0.0,30.8,10.0,0.0,32.5,0.0,250.0,0
9447,125.0,100.0,0.0,100.0,65.33,0.0,35.0,0.0,0.0,0.0,0.0,0.0,0.0,0.0,0.0,0.0,0.0,0.0,0.0,0.0,0.0,0.0,0.0,0.0,0.0,0.0,0.0,0.0,0.0,0.0,0.0,0.0,0.0,0.0,0
9447,120.0,100.0,0.0,95.0,66.33,0.0,28.0,0.0,0.0,0.0,0.0,0.0,0.0,0.0,0.0,0.0,0.0,0.0,0.0,0.0,0.0,0.0,0.0,0.0,0.0,0.0,0.0,0.0,0.0,0.0,0.0,0.0,0.0,0.0,0
9447,122.0,100.0,37.17,96.0,66.0,0.0,29.0,0.0,-16.0,0.0,0.0,7.27,18.0,0.0,0.0,0.0,0.0,0.0,0.0,0.0,0.0,0.0,0.0,0.0,0.0,0.0,0.0,0.0,0.0,0.0,0.0,0.0,0.0,0.0,0
9447,0.0,0.0,0.0,0.0,0.0,0.0,0.0,0.0,0.0,11.0,0.0,0.0,0.0,0.0,0.0,9.0,0.0,7.6,127.0,0.8,0.0,141.0,0.0,1.7,1.1,3.8,0.0,0.0,29.4,9.8,0.0,26.0,0.0,245.0,0
9447,0.0,0.0,0.0,0.0,0.0,0.0,0.0,0.0,0.0,0.0,0.0,0.0,0.0,0.0,0.0,0.0,0.0,0.0,0.0,0.0,0.0,0.0,0.0,0.0,0.0,0.0,0.0,0.0,0.0,0.0,0.0,0.0,0.0,0.0,0
9447,0.0,0.0,0.0,0.0,0.0,0.0,0.0,0.0,0.0,0.0,0.0,0.0,0.0,0.0,0.0,0.0,0.0,0.0,0.0,0.0,0.0,0.0,0.0,0.0,0.0,0.0,0.0,0.0,0.0,0.0,0.0,0.0,0.0,0.0,0
9447,115.0,99.0,37.17,104.0,74.67,0.0,26.0,0.0,0.0,0.0,0.0,0.0,0.0,0.0,0.0,0.0,0.0,0.0,0.0,0.0,0.0,0.0,0.0,0.0,0.0,0.0,0.0,0.0,0.0,0.0,0.0,0.0,0.0,0.0,0
9447,111.0,100.0,0.0,108.0,80.0,0.0,30.0,0.0,0.0,0.0,0.0,0.0,0.0,0.0,0.0,0.0,0.0,0.0,0.0,0.0,0.0,0.0,0.0,0.0,0.0,0.0,0.0,0.0,0.0,0.0,0.0,0.0,0.0,0.0,0
9447,112.0,100.0,0.0,99.0,75.33,0.0,31.5,0.0,0.0,0.0,0.0,0.0,0.0,0.0,0.0,0.0,0.0,0.0,0.0,0.0,0.0,0.0,0.0,0.0,0.0,0.0,0.0,0.0,0.0,0.0,0.0,0.0,0.0,0.0,0
9447,111.0,99.0,0.0,108.0,76.0,0.0,27.0,0.0,0.0,15.0,0.0,7.38,0.0,0.0,22.0,8.0,105.0,7.6,121.0,0.7,0.0,171.0,0.0,2.4,1.3,3.5,0.2,0.0,0.0,0.0,0.0,0.0,0.0,0.0,0
9447,119.0,100.0,37.17,114.0,76.67,0.0,27.0,0.0,0.0,0.0,0.0,0.0,0.0,0.0,0.0,0.0,0.0,0.0,0.0,0.0,0.0,0.0,0.0,0.0,0.0,0.0,0.0,0.0,0.0,0.0,0.0,0.0,0.0,0.0,0
9447,112.0,100.0,0.0,110.0,83.33,0.0,32.0,0.0,0.0,0.0,0.0,0.0,0.0,0.0,0.0,0.0,0.0,0.0,0.0,0.0,0.0,0.0,0.0,0.0,0.0,0.0,0.0,0.0,0.0,0.0,0.0,0.0,0.0,0.0,0
9447,114.0,100.0,0.0,112.0,90.0,0.0,36.0,0.0,0.0,0.0,0.0,0.0,0.0,0.0,0.0,0.0,0.0,0.0,0.0,0.0,0.0,0.0,0.0,0.0,0.0,0.0,0.0,0.0,0.0,0.0,0.0,0.0,0.0,0.0,0
9447,110.0,100.0,0.0,106.0,77.33,0.0,28.0,0.0,0.0,0.0,0.0,0.0,0.0,0.0,0.0,0.0,0.0,0.0,0.0,0.0,0.0,0.0,0.0,0.0,0.0,0.0,0.0,0.0,0.0,0.0,0.0,0.0,0.0,0.0,0
9447,114.0,99.0,37.22,117.0,85.67,0.0,29.0,0.0,0.0,0.0,0.0,0.0,0.0,0.0,0.0,0.0,0.0,0.0,0.0,0.0,0.0,0.0,0.0,0.0,0.0,0.0,0.0,0.0,0.0,0.0,0.0,0.0,0.0,0.0,0
9447,116.0,100.0,0.0,113.0,80.33,0.0,26.0,0.0,0.0,24.0,0.0,0.0,0.0,0.0,0.0,6.0,0.0,7.5,108.0,0.6,0.0,190.0,0.0,2.0,1.0,2.6,0.0,0.0,0.0,0.0,0.0,0.0,0.0,0.0,0
9447,116.0,98.0,0.0,102.0,74.0,0.0,32.0,0.0,4.0,0.0,0.0,7.53,32.0,0.0,0.0,0.0,0.0,0.0,0.0,0.0,0.0,0.0,0.0,0.0,0.0,0.0,0.0,0.0,0.0,0.0,0.0,0.0,0.0,0.0,0
9447,115.0,99.0,0.0,110.0,71.33,0.0,30.0,0.0,0.0,24.0,0.0,0.0,0.0,0.0,0.0,6.0,0.0,7.6,106.0,0.6,0.0,136.0,0.0,2.0,0.7,2.6,0.0,0.0,0.0,0.0,0.0,0.0,0.0,0.0,0
9447,119.0,100.0,36.72,108.0,77.33,0.0,27.0,0.0,0.0,0.0,0.0,0.0,0.0,0.0,0.0,0.0,0.0,0.0,0.0,0.0,0.0,0.0,0.0,0.0,0.0,0.0,0.0,0.0,0.0,0.0,0.0,0.0,0.0,0.0,0
9447,118.0,98.0,0.0,116.0,80.67,0.0,33.0,0.0,0.0,0.0,0.0,0.0,0.0,0.0,0.0,0.0,0.0,0.0,0.0,0.0,0.0,0.0,0.0,0.0,0.0,0.0,0.0,0.0,0.0,0.0,0.0,0.0,0.0,0.0,0
9447,116.0,99.0,0.0,113.0,80.33,0.0,34.0,0.0,0.0,0.0,0.0,0.0,0.0,0.0,0.0,0.0,0.0,0.0,0.0,0.0,0.0,0.0,0.0,0.0,0.0,0.0,0.0,0.0,0.0,0.0,0.0,0.0,0.0,0.0,0
9447,114.0,99.0,0.0,107.0,76.33,0.0,28.0,0.0,0.0,0.0,0.0,0.0,0.0,0.0,0.0,0.0,0.0,0.0,0.0,0.0,0.0,0.0,0.0,0.0,0.0,0.0,0.0,0.0,0.0,0.0,0.0,0.0,0.0,0.0,0
9447,110.0,98.0,37.28,117.0,85.67,0.0,30.0,0.0,0.0,23.0,0.0,0.0,0.0,0.0,0.0,5.0,0.0,7.6,112.0,0.6,0.0,112.0,0.0,2.0,1.1,3.8,0.0,0.0,0.0,0.0,0.0,0.0,0.0,0.0,0
9447,107.0,98.0,0.0,108.0,80.67,0.0,29.0,0.0,0.0,0.0,0.0,0.0,0.0,0.0,0.0,0.0,0.0,0.0,0.0,0.0,0.0,0.0,0.0,0.0,0.0,0.0,0.0,0.0,0.0,0.0,0.0,0.0,0.0,0.0,0
9447,110.0,98.0,0.0,108.0,84.0,0.0,34.0,0.0,0.0,0.0,0.0,0.0,0.0,0.0,0.0,0.0,0.0,0.0,0.0,0.0,0.0,0.0,0.0,0.0,0.0,0.0,0.0,0.0,0.0,0.0,0.0,0.0,0.0,0.0,0
9447,106.0,98.0,0.0,113.0,83.0,0.0,28.0,0.0,0.0,0.0,0.0,0.0,0.0,0.0,0.0,0.0,0.0,0.0,0.0,0.0,0.0,0.0,0.0,0.0,0.0,0.0,0.0,0.0,0.0,0.0,0.0,0.0,0.0,0.0,0
