9454,0.0,0.0,0.0,0.0,0.0,0.0,0.0,0.0,0.0,0.0,0.0,0.0,0.0,0.0,0.0,0.0,0.0,0.0,0.0,0.0,0.0,0.0,0.0,0.0,0.0,0.0,0.0,0.0,0.0,0.0,0.0,0.0,0.0,0.0,0
9454,82.0,99.0,35.72,108.0,69.0,50.5,11.5,0.0,3.0,27.0,0.5,7.4,47.0,97.0,0.0,10.0,0.0,0.0,111.0,0.5,0.0,91.0,0.0,2.8,0.0,4.0,0.0,0.0,35.4,11.9,93.6,18.1,0.0,240.0,0
9454,83.5,97.5,36.44,103.0,68.5,50.0,10.0,0.0,1.0,0.0,0.0,7.34,54.0,96.0,0.0,0.0,0.0,0.0,0.0,0.0,0.0,116.0,0.0,0.0,0.0,4.6,0.0,0.0,0.0,0.0,0.0,0.0,0.0,0.0,0
9454,90.0,97.0,36.39,105.5,69.5,51.0,15.0,0.0,0.0,0.0,0.5,7.33,54.0,96.0,0.0,0.0,0.0,0.0,0.0,0.0,0.0,124.0,0.0,0.0,0.0,0.0,0.0,0.0,0.0,0.0,0.0,0.0,0.0,0.0,0
9454,92.5,95.0,0.0,102.0,69.0,51.5,20.0,0.0,0.0,0.0,0.4,7.39,41.0,97.0,0.0,0.0,0.0,0.0,0.0,0.0,0.0,122.0,0.0,0.0,0.0,4.7,0.0,0.0,0.0,0.0,0.0,0.0,0.0,0.0,0
9454,104.5,94.0,37.0,122.0,72.5,51.0,22.5,0.0,-2.0,0.0,0.4,7.28,52.0,94.5,0.0,0.0,0.0,0.0,0.0,0.0,0.0,131.0,0.0,0.0,0.0,4.0,0.0,0.0,0.0,0.0,0.0,0.0,0.0,0.0,0
9454,106.5,96.0,0.0,113.5,67.5,50.0,16.0,0.0,0.0,0.0,0.4,7.34,48.0,95.0,0.0,0.0,0.0,0.0,0.0,0.0,0.0,156.0,0.0,0.0,0.0,0.0,0.0,0.0,0.0,0.0,0.0,0.0,0.0,0.0,0
9454,102.0,96.0,0.0,105.0,66.0,49.0,17.0,0.0,1.0,0.0,0.0,7.44,39.0,96.0,0.0,0.0,0.0,0.0,0.0,0.0,0.0,146.0,0.0,0.0,0.0,5.2,0.0,0.0,33.8,0.0,0.0,0.0,0.0,0.0,0
9454,98.5,96.5,0.0,104.5,67.5,50.0,20.0,0.0,2.0,0.0,0.0,7.35,54.0,95.0,0.0,0.0,0.0,0.0,0.0,0.0,0.0,121.0,0.0,0.0,0.0,0.0,0.0,0.0,0.0,0.0,0.0,0.0,0.0,0.0,0
9454,108.0,94.0,37.78,93.0,61.0,44.0,22.0,0.0,0.0,0.0,0.4,0.0,0.0,0.0,0.0,0.0,0.0,0.0,0.0,0.0,0.0,0.0,0.0,0.0,0.0,0.0,0.0,0.0,0.0,0.0,0.0,0.0,0.0,0.0,0
9454,111.0,95.0,0.0,113.0,70.0,48.0,15.0,0.0,1.0,0.0,0.0,7.32,58.0,96.0,0.0,0.0,0.0,0.0,0.0,0.0,0.0,113.0,0.0,0.0,0.0,4.9,0.0,0.0,0.0,0.0,0.0,0.0,0.0,0.0,0
9454,111.0,95.0,38.06,113.0,71.0,50.0,19.0,0.0,3.0,0.0,0.4,7.39,49.0,96.0,0.0,0.0,0.0,0.0,0.0,0.0,0.0,125.0,0.0,0.0,0.0,0.0,0.0,0.0,0.0,0.0,0.0,0.0,0.0,0.0,0
9454,106.0,96.0,0.0,118.0,73.0,51.0,21.0,0.0,0.0,0.0,0.0,7.36,46.0,95.0,0.0,0.0,0.0,0.0,0.0,0.0,0.0,134.0,0.0,0.0,0.0,4.8,0.0,0.0,37.1,0.0,0.0,0.0,0.0,0.0,0
9454,107.0,96.0,37.28,127.0,78.0,54.0,18.0,0.0,0.0,0.0,0.0,0.0,0.0,0.0,0.0,0.0,0.0,0.0,0.0,0.0,0.0,116.0,0.0,0.0,0.0,0.0,0.0,0.0,0.0,0.0,0.0,0.0,0.0,0.0,0
9454,107.0,96.0,0.0,125.0,78.0,53.0,17.5,0.0,0.0,0.0,0.4,0.0,0.0,0.0,0.0,0.0,0.0,0.0,0.0,0.0,0.0,0.0,0.0,0.0,0.0,0.0,0.0,0.0,0.0,0.0,0.0,0.0,0.0,0.0,0
9454,113.0,95.0,0.0,133.0,81.0,55.0,19.0,0.0,0.0,0.0,0.4,7.28,61.0,95.0,0.0,0.0,0.0,0.0,0.0,0.0,0.0,115.0,0.0,0.0,0.0,0.0,0.0,0.0,0.0,0.0,0.0,0.0,0.0,0.0,0
9454,109.0,97.0,0.0,131.0,77.0,52.0,14.0,0.0,0.0,24.0,0.0,0.0,0.0,0.0,0.0,9.0,0.0,8.3,106.0,0.5,0.0,130.0,0.0,1.9,0.0,4.5,0.0,0.0,34.3,11.4,0.0,19.3,0.0,236.0,0
9454,110.0,97.0,37.56,136.0,80.0,55.0,23.0,0.0,0.0,0.0,0.4,7.36,48.0,96.0,0.0,0.0,0.0,0.0,0.0,0.0,0.0,125.0,0.0,0.0,0.0,4.5,0.0,0.0,0.0,0.0,0.0,0.0,0.0,0.0,0
9454,100.5,97.0,0.0,134.5,78.0,52.5,15.25,0.0,0.0,0.0,0.4,0.0,0.0,0.0,0.0,0.0,0.0,0.0,0.0,0.0,0.0,117.0,0.0,0.0,0.0,0.0,0.0,0.0,0.0,0.0,0.0,0.0,0.0,0.0,0
9454,102.0,94.0,0.0,125.0,76.0,50.0,15.0,0.0,-1.0,0.0,0.0,7.28,55.0,96.0,0.0,0.0,0.0,0.0,0.0,0.0,0.0,122.0,0.0,0.0,0.0,0.0,0.0,0.0,0.0,0.0,0.0,0.0,0.0,0.0,0
9454,103.0,95.0,0.0,127.0,77.0,51.0,22.0,0.0,0.0,0.0,0.4,0.0,0.0,0.0,0.0,0.0,0.0,0.0,0.0,0.0,0.0,105.0,0.0,0.0,0.0,0.0,0.0,0.0,0.0,0.0,0.0,0.0,0.0,0.0,0
9454,97.5,95.0,37.33,131.5,82.5,56.0,26.0,0.0,-3.0,0.0,0.4,7.3,46.0,96.0,0.0,0.0,0.0,0.0,0.0,0.0,0.0,110.0,0.0,0.0,0.0,3.2,0.0,0.0,0.0,0.0,0.0,0.0,0.0,0.0,0
9454,94.0,94.0,0.0,118.0,78.0,55.0,23.0,0.0,0.0,0.0,0.5,0.0,0.0,0.0,0.0,0.0,0.0,0.0,0.0,0.0,0.0,133.0,0.0,0.0,0.0,0.0,0.0,0.0,0.0,0.0,0.0,0.0,0.0,0.0,0
9454,95.0,95.0,0.0,121.0,77.0,55.0,7.0,0.0,0.0,0.0,0.0,0.0,0.0,0.0,0.0,0.0,0.0,0.0,0.0,0.0,0.0,131.0,0.0,0.0,0.0,0.0,0.0,0.0,0.0,0.0,0.0,0.0,0.0,0.0,0
9454,98.0,95.0,0.0,138.0,87.0,62.0,31.0,0.0,0.0,0.0,0.0,0.0,0.0,0.0,0.0,0.0,0.0,0.0,0.0,0.0,0.0,113.0,0.0,0.0,0.0,0.0,0.0,0.0,0.0,0.0,0.0,0.0,0.0,0.0,0
9454,107.0,95.0,37.44,139.0,86.0,61.0,17.0,0.0,0.0,0.0,0.0,7.33,0.0,0.0,0.0,0.0,0.0,0.0,0.0,0.0,0.0,98.0,0.0,0.0,0.0,3.3,0.0,0.0,0.0,0.0,0.0,0.0,0.0,0.0,0
9454,103.0,96.0,0.0,132.0,85.0,61.0,22.0,0.0,0.0,0.0,0.0,0.0,0.0,0.0,0.0,0.0,0.0,0.0,0.0,0.0,0.0,0.0,0.0,0.0,0.0,0.0,0.0,0.0,0.0,0.0,0.0,0.0,0.0,0.0,0
9454,106.0,94.0,0.0,137.0,82.0,54.0,23.0,0.0,0.0,0.0,0.0,0.0,0.0,0.0,0.0,0.0,0.0,0.0,0.0,0.0,0.0,135.0,0.0,0.0,0.0,0.0,0.0,0.0,0.0,0.0,0.0,0.0,0.0,0.0,0
9454,91.0,97.0,0.0,117.0,75.0,52.0,15.0,0.0,0.0,0.0,0.0,0.0,0.0,99.0,0.0,0.0,0.0,0.0,0.0,0.0,0.0,124.0,0.0,0.0,0.0,0.0,0.0,0.0,0.0,0.0,0.0,0.0,0.0,0.0,0
9454,93.0,98.0,36.22,118.0,74.0,51.0,19.0,0.0,0.0,0.0,0.0,0.0,0.0,0.0,0.0,0.0,0.0,0.0,0.0,0.0,0.0,134.0,0.0,0.0,0.0,0.0,0.0,0.0,0.0,0.0,0.0,0.0,0.0,0.0,0
9454,95.0,94.0,0.0,119.0,73.0,50.0,22.0,0.0,0.0,0.0,0.0,0.0,0.0,0.0,0.0,0.0,0.0,0.0,0.0,0.0,0.0,96.0,0.0,0.0,0.0,0.0,0.0,0.0,0.0,0.0,0.0,0.0,0.0,0.0,0
9454,102.0,97.0,0.0,127.0,73.0,51.0,19.0,0.0,0.0,0.0,0.0,0.0,0.0,0.0,0.0,0.0,0.0,0.0,0.0,0.0,0.0,110.0,0.0,2.0,0.0,4.6,0.0,0.0,0.0,0.0,0.0,0.0,0.0,0.0,0
9454,107.0,97.0,0.0,138.0,80.0,54.0,14.0,0.0,0.0,0.0,0.0,7.35,0.0,0.0,0.0,0.0,0.0,0.0,0.0,0.0,0.0,83.0,0.0,0.0,0.0,4.2,0.0,0.0,0.0,0.0,0.0,0.0,0.0,0.0,0
9454,111.0,94.0,36.61,141.0,85.0,58.0,19.0,0.0,0.0,0.0,0.0,0.0,0.0,0.0,0.0,0.0,0.0,0.0,0.0,0.0,0.0,117.0,0.0,0.0,0.0,0.0,0.0,0.0,0.0,0.0,0.0,0.0,0.0,0.0,0
9454,111.0,96.0,0.0,145.0,85.0,56.0,10.0,0.0,0.0,0.0,0.0,0.0,0.0,0.0,0.0,0.0,0.0,0.0,0.0,0.0,0.0,104.0,0.0,0.0,0.0,0.0,0.0,0.0,0.0,0.0,0.0,0.0,0.0,0.0,0
9454,105.0,96.0,0.0,130.0,79.0,53.0,17.0,0.0,0.0,0.0,0.0,0.0,0.0,0.0,0.0,0.0,0.0,0.0,0.0,0.0,0.0,0.0,0.0,0.0,0.0,0.0,0.0,0.0,0.0,0.0,0.0,0.0,0.0,0.0,0
9454,106.0,96.0,0.0,134.0,77.0,50.0,18.0,0.0,0.0,0.0,0.0,0.0,0.0,0.0,0.0,0.0,0.0,0.0,0.0,0.0,0.0,0.0,0.0,0.0,0.0,0.0,0.0,0.0,0.0,0.0,0.0,0.0,0.0,0.0,0
9454,107.0,93.0,37.17,131.0,75.0,49.0,22.0,0.0,0.0,0.0,0.0,0.0,0.0,0.0,0.0,0.0,0.0,0.0,0.0,0.0,0.0,0.0,0.0,0.0,0.0,0.0,0.0,0.0,0.0,0.0,0.0,0.0,0.0,0.0,0
9454,107.0,95.0,0.0,121.0,71.0,46.0,12.0,0.0,0.0,0.0,0.0,7.39,0.0,0.0,0.0,0.0,0.0,0.0,0.0,0.0,0.0,108.0,0.0,0.0,0.0,4.6,0.0,0.0,0.0,0.0,0.0,0.0,0.0,0.0,0
9454,109.0,95.0,0.0,122.0,70.0,44.0,15.0,0.0,0.0,0.0,0.0,0.0,0.0,0.0,0.0,0.0,0.0,0.0,0.0,0.0,0.0,0.0,0.0,0.0,0.0,0.0,0.0,0.0,0.0,0.0,0.0,0.0,0.0,0.0,0
9454,110.0,95.0,0.0,128.0,73.0,46.0,22.0,0.0,0.0,28.0,0.0,7.4,0.0,0.0,0.0,10.0,0.0,0.0,101.0,0.4,0.0,124.5,0.0,1.8,0.0,4.4,0.0,0.0,33.2,10.8,0.0,22.6,0.0,285.0,0
9454,107.0,95.0,37.39,121.0,70.0,45.0,13.0,0.0,0.0,0.0,0.0,0.0,0.0,0.0,0.0,0.0,0.0,0.0,0.0,0.0,0.0,0.0,0.0,0.0,0.0,0.0,0.0,0.0,0.0,0.0,0.0,0.0,0.0,0.0,0
